UTC_ABS_TIME,CH4,Ar,XX
2005-01-14T09:11:23.312, 0.0141, 0.0, 0.0
2005-01-14T09:11:25.187, 0.0141, 0.0, 0.0
2005-01-14T09:11:27.046, 0.0141, 0.0, 0.0
2005-01-14T09:11:28.921, 0.0141, 0.0, 0.0
2005-01-14T09:11:30.796, 0.0141, 0.0, 0.0
2005-01-14T09:11:32.671, 0.0141, 0.0, 0.0
2005-01-14T09:11:34.546, 0.0141, 0.0, 0.0
2005-01-14T09:11:36.546, 0.0141, 0.0, 0.0
2005-01-14T09:11:38.359, 0.0141, 0.0, 0.0
2005-01-14T09:11:40.234, 0.0141, 0.0, 0.0
2005-01-14T09:11:42.109, 0.0141, 0.0, 0.0
2005-01-14T09:11:43.984, 0.0141, 0.0, 0.0
2005-01-14T09:11:45.828, 0.0141, 0.0, 0.0
2005-01-14T09:11:47.734, 0.0141, 0.0, 0.0
2005-01-14T09:11:49.609, 0.0141, 0.0, 0.0
2005-01-14T09:11:51.609, 0.0141, 0.0, 0.0
2005-01-14T09:11:53.421, 0.0141, 0.0, 0.0
2005-01-14T09:11:55.296, 0.0141, 0.0, 0.0
2005-01-14T09:11:57.171, 0.0141, 0.0, 0.0
2005-01-14T09:11:59.046, 0.0141, 0.0, 0.0
2005-01-14T09:12:00.906, 0.0141, 0.0, 0.0
2005-01-14T09:12:02.750, 0.0141, 0.0, 0.0
2005-01-14T09:12:04.656, 0.0141, 0.0, 0.0
2005-01-14T09:12:06.671, 0.0141, 0.0, 0.0
2005-01-14T09:12:08.468, 0.0141, 0.0, 0.0
2005-01-14T09:12:10.343, 0.0141, 0.0, 0.0
2005-01-14T09:12:12.218, 0.0141, 0.0, 0.0
2005-01-14T09:12:14.093, 0.0141, 0.0, 0.0
2005-01-14T09:12:15.968, 0.0141, 0.0, 0.0
2005-01-14T09:12:17.812, 0.0141, 0.0, 0.0
2005-01-14T09:12:19.718, 0.0141, 0.0, 0.0
2005-01-14T09:12:21.718, 0.0141, 0.0, 0.0
2005-01-14T09:12:23.531, 0.0141, 0.0, 0.0
2005-01-14T09:12:25.406, 0.0141, 0.0, 0.0
2005-01-14T09:12:42.343, 0.0141, 0.0, 0.0
2005-01-14T09:12:44.203, 0.0141, 0.0, 0.0
2005-01-14T09:12:46.078, 0.0141, 0.0, 0.0
2005-01-14T09:12:47.953, 0.0141, 0.0, 0.0
2005-01-14T09:12:49.812, 0.0141, 0.0, 0.0
2005-01-14T09:12:51.828, 0.0141, 0.0, 0.0
2005-01-14T09:12:53.640, 0.0141, 0.0, 0.0
2005-01-14T09:12:55.515, 0.0141, 0.0, 0.0
2005-01-14T09:12:57.390, 0.0141, 0.0, 0.0
2005-01-14T09:12:59.265, 0.0141, 0.0, 0.0
2005-01-14T09:13:01.125, 0.0141, 0.0, 0.0
2005-01-14T09:13:03.015, 0.0141, 0.0, 0.0
2005-01-14T09:13:04.875, 0.0141, 0.0, 0.0
2005-01-14T09:13:06.875, 0.0141, 0.0, 0.0
2005-01-14T09:13:08.703, 0.0142, 0.0, 0.0
2005-01-14T09:13:10.578, 0.0142, 0.0, 0.0
2005-01-14T09:13:12.453, 0.0142, 0.0, 0.0
2005-01-14T09:13:14.328, 0.0142, 0.0, 0.0
2005-01-14T09:13:16.187, 0.0142, 0.0, 0.0
2005-01-14T09:13:18.062, 0.0142, 0.0, 0.0
2005-01-14T09:13:19.921, 0.0142, 0.0, 0.0
2005-01-14T09:13:21.953, 0.0142, 0.0, 0.0
2005-01-14T09:13:23.765, 0.0142, 0.0, 0.0
2005-01-14T09:13:25.640, 0.0142, 0.0, 0.0
2005-01-14T09:13:27.515, 0.0142, 0.0, 0.0
2005-01-14T09:13:29.390, 0.0142, 0.0, 0.0
2005-01-14T09:13:31.265, 0.0142, 0.0, 0.0
2005-01-14T09:13:33.125, 0.0142, 0.0, 0.0
2005-01-14T09:13:35.000, 0.0142, 0.0, 0.0
2005-01-14T09:13:36.984, 0.0142, 0.0, 0.0
2005-01-14T09:13:38.781, 0.0142, 0.0, 0.0
2005-01-14T09:13:40.687, 0.0142, 0.0, 0.0
2005-01-14T09:13:42.562, 0.0142, 0.0, 0.0
2005-01-14T09:13:44.437, 0.0142, 0.0, 0.0
2005-01-14T09:13:46.312, 0.0142, 0.0, 0.0
2005-01-14T09:13:48.187, 0.0142, 0.0, 0.0
2005-01-14T09:13:50.062, 0.0142, 0.0, 0.0
2005-01-14T09:13:52.062, 0.0142, 0.0, 0.0
2005-01-14T09:13:53.875, 0.0142, 0.0, 0.0
2005-01-14T09:13:55.750, 0.0142, 0.0, 0.0
2005-01-14T09:13:57.625, 0.0142, 0.0, 0.0
2005-01-14T09:13:59.500, 0.0142, 0.0, 0.0
2005-01-14T09:14:01.375, 0.0142, 0.0, 0.0
2005-01-14T09:14:03.250, 0.0142, 0.0, 0.0
2005-01-14T09:14:05.125, 0.0142, 0.0, 0.0
2005-01-14T09:14:07.125, 0.0142, 0.0, 0.0
2005-01-14T09:14:08.937, 0.0142, 0.0, 0.0
2005-01-14T09:14:10.812, 0.0142, 0.0, 0.0
2005-01-14T09:14:12.687, 0.0142, 0.0, 0.0
2005-01-14T09:14:14.546, 0.0142, 0.0, 0.0
2005-01-14T09:14:16.421, 0.0142, 0.0, 0.0
2005-01-14T09:14:18.296, 0.0142, 0.0, 0.0
2005-01-14T09:14:20.171, 0.0142, 0.0, 0.0
2005-01-14T09:14:22.187, 0.0142, 0.0, 0.0
2005-01-14T09:14:24.000, 0.0142, 0.0, 0.0
2005-01-14T09:14:25.875, 0.0142, 0.0, 0.0
2005-01-14T09:14:44.671, 0.0142, 0.0, 0.0
2005-01-14T09:14:46.546, 0.0142, 0.0, 0.0
2005-01-14T09:14:48.421, 0.0142, 0.0, 0.0
2005-01-14T09:14:52.296, 0.0142, 0.0, 0.0
2005-01-14T09:14:54.109, 0.0142, 0.0, 0.0
2005-01-14T09:14:55.984, 0.0142, 0.0, 0.0
2005-01-14T09:14:57.828, 0.0142, 0.0, 0.0
2005-01-14T09:14:59.734, 0.0142, 0.0, 0.0
2005-01-14T09:15:01.609, 0.0142, 0.0, 0.0
2005-01-14T09:15:03.468, 0.0142, 0.0, 0.0
2005-01-14T09:15:05.343, 0.0142, 0.0, 0.0
2005-01-14T09:15:07.359, 0.0142, 0.0, 0.0
2005-01-14T09:15:09.171, 0.0142, 0.0, 0.0
2005-01-14T09:15:11.046, 0.0142, 0.0, 0.0
2005-01-14T09:15:12.906, 0.0142, 0.0, 0.0
2005-01-14T09:15:14.750, 0.0142, 0.0, 0.0
2005-01-14T09:15:16.656, 0.0142, 0.0, 0.0
2005-01-14T09:15:18.531, 0.0142, 0.0, 0.0
2005-01-14T09:15:20.406, 0.0142, 0.0, 0.0
2005-01-14T09:15:22.421, 0.0142, 0.0, 0.0
2005-01-14T09:15:24.218, 0.0142, 0.0, 0.0
2005-01-14T09:15:26.093, 0.0142, 0.0, 0.0
2005-01-14T09:15:36.296, 0.0142, 0.0, 0.0
2005-01-14T09:15:38.125, 0.0142, 0.0, 0.0
2005-01-14T09:15:40.000, 0.0142, 0.0, 0.0
2005-01-14T09:15:41.875, 0.0142, 0.0, 0.0
2005-01-14T09:15:43.750, 0.0142, 0.0, 0.0
2005-01-14T09:15:45.687, 0.0142, 0.0, 0.0
2005-01-14T09:15:47.562, 0.0142, 0.0, 0.0
2005-01-14T09:15:49.437, 0.0142, 0.0, 0.0
2005-01-14T09:15:51.312, 0.0142, 0.0, 0.0
2005-01-14T09:15:53.187, 0.0142, 0.0, 0.0
2005-01-14T09:15:55.046, 0.0142, 0.0, 0.0
2005-01-14T09:15:56.921, 0.0142, 0.0, 0.0
2005-01-14T09:15:58.796, 0.0142, 0.0, 0.0
2005-01-14T09:16:00.750, 0.0142, 0.0, 0.0
2005-01-14T09:16:02.609, 0.0142, 0.0, 0.0
2005-01-14T09:16:04.484, 0.0142, 0.0, 0.0
2005-01-14T09:16:06.359, 0.0142, 0.0, 0.0
2005-01-14T09:16:08.234, 0.0142, 0.0, 0.0
2005-01-14T09:16:10.109, 0.0142, 0.0, 0.0
2005-01-14T09:16:11.984, 0.0142, 0.0, 0.0
2005-01-14T09:16:13.828, 0.0142, 0.0, 0.0
2005-01-14T09:16:15.812, 0.0142, 0.0, 0.0
2005-01-14T09:16:17.687, 0.0142, 0.0, 0.0
2005-01-14T09:16:19.562, 0.0142, 0.0, 0.0
2005-01-14T09:16:21.437, 0.0142, 0.0, 0.0
2005-01-14T09:16:23.312, 0.0142, 0.0, 0.0
2005-01-14T09:16:25.187, 0.0142, 0.0, 0.0
2005-01-14T09:16:27.062, 0.0142, 0.0, 0.0
2005-01-14T09:16:28.921, 0.0142, 0.0, 0.0
2005-01-14T09:16:30.875, 0.0142, 0.0, 0.0
2005-01-14T09:16:32.734, 0.0142, 0.0, 0.0
2005-01-14T09:16:34.609, 0.0142, 0.0, 0.0
2005-01-14T09:16:53.421, 0.0142, 0.0, 0.0
2005-01-14T09:16:55.296, 0.0142, 0.0, 0.0
2005-01-14T09:16:57.171, 0.0142, 0.0, 0.0
2005-01-14T09:16:59.046, 0.0142, 0.0, 0.0
2005-01-14T09:17:00.984, 0.0142, 0.0, 0.0
2005-01-14T09:17:02.859, 0.0142, 0.0, 0.0
2005-01-14T09:17:04.734, 0.0142, 0.0, 0.0
2005-01-14T09:17:06.609, 0.0142, 0.0, 0.0
2005-01-14T09:17:08.468, 0.0142, 0.0, 0.0
2005-01-14T09:17:10.343, 0.0142, 0.0, 0.0
2005-01-14T09:17:12.218, 0.0142, 0.0, 0.0
2005-01-14T09:17:14.093, 0.0142, 0.0, 0.0
2005-01-14T09:17:16.046, 0.0142, 0.0, 0.0
2005-01-14T09:17:17.921, 0.0142, 0.0, 0.0
2005-01-14T09:17:19.781, 0.0142, 0.0, 0.0
2005-01-14T09:17:21.656, 0.0142, 0.0, 0.0
2005-01-14T09:17:23.531, 0.0142, 0.0, 0.0
2005-01-14T09:17:25.406, 0.0142, 0.0, 0.0
2005-01-14T09:17:27.281, 0.0142, 0.0, 0.0
2005-01-14T09:17:29.156, 0.0142, 0.0, 0.0
2005-01-14T09:17:31.093, 0.0142, 0.0, 0.0
2005-01-14T09:17:32.968, 0.0142, 0.0, 0.0
2005-01-14T09:17:34.843, 0.0142, 0.0, 0.0
2005-01-14T09:17:36.718, 0.0142, 0.0, 0.0
2005-01-14T09:17:38.593, 0.0142, 0.0, 0.0
2005-01-14T09:17:40.468, 0.0142, 0.0, 0.0
2005-01-14T09:17:42.328, 0.0142, 0.0, 0.0
2005-01-14T09:17:44.203, 0.0142, 0.0, 0.0
2005-01-14T09:17:46.140, 0.0142, 0.0, 0.0
2005-01-14T09:17:48.015, 0.0142, 0.0, 0.0
2005-01-14T09:17:49.890, 0.0142, 0.0, 0.0
2005-01-14T09:17:51.765, 0.0142, 0.0, 0.0
2005-01-14T09:17:53.640, 0.0142, 0.0, 0.0
2005-01-14T09:17:55.515, 0.0142, 0.0, 0.0
2005-01-14T09:17:57.390, 0.0142, 0.0, 0.0
2005-01-14T09:17:59.265, 0.0142, 0.0, 0.0
2005-01-14T09:18:01.203, 0.0142, 0.0, 0.0
2005-01-14T09:18:03.078, 0.0142, 0.0, 0.0
2005-01-14T09:18:04.953, 0.0142, 0.0, 0.0
2005-01-14T09:18:06.828, 0.0142, 0.0, 0.0
2005-01-14T09:18:08.703, 0.0142, 0.0, 0.0
2005-01-14T09:18:10.578, 0.0142, 0.0, 0.0
2005-01-14T09:18:12.437, 0.0142, 0.0, 0.0
2005-01-14T09:18:14.312, 0.0142, 0.0, 0.0
2005-01-14T09:18:16.265, 0.0142, 0.0, 0.0
2005-01-14T09:18:18.140, 0.0142, 0.0, 0.0
2005-01-14T09:18:20.015, 0.0142, 0.0, 0.0
2005-01-14T09:18:21.890, 0.0142, 0.0, 0.0
2005-01-14T09:18:23.765, 0.0142, 0.0, 0.0
2005-01-14T09:18:25.640, 0.0142, 0.0, 0.0
2005-01-14T09:18:27.500, 0.0142, 0.0, 0.0
2005-01-14T09:18:29.375, 0.0142, 0.0, 0.0
2005-01-14T09:18:31.328, 0.0142, 0.0, 0.0
2005-01-14T09:18:33.203, 0.0142, 0.0, 0.0
2005-01-14T09:18:35.078, 0.0142, 0.0, 0.0
2005-01-14T09:18:53.875, 0.0143, 0.0, 0.0
2005-01-14T09:18:55.750, 0.0143, 0.0, 0.0
2005-01-14T09:18:57.625, 0.0143, 0.0, 0.0
2005-01-14T09:19:03.312, 0.0143, 0.0, 0.0
2005-01-14T09:19:05.187, 0.0143, 0.0, 0.0
2005-01-14T09:19:07.062, 0.0143, 0.0, 0.0
2005-01-14T09:19:08.921, 0.0143, 0.0, 0.0
2005-01-14T09:19:10.796, 0.0143, 0.0, 0.0
2005-01-14T09:19:12.671, 0.0143, 0.0, 0.0
2005-01-14T09:19:14.546, 0.0143, 0.0, 0.0
2005-01-14T09:19:16.500, 0.0143, 0.0, 0.0
2005-01-14T09:19:18.375, 0.0143, 0.0, 0.0
2005-01-14T09:19:20.250, 0.0143, 0.0, 0.0
2005-01-14T09:19:22.109, 0.0143, 0.0, 0.0
2005-01-14T09:19:23.984, 0.0143, 0.0, 0.0
2005-01-14T09:19:25.859, 0.0143, 0.0, 0.0
2005-01-14T09:19:27.734, 0.0143, 0.0, 0.0
2005-01-14T09:19:29.609, 0.0143, 0.0, 0.0
2005-01-14T09:19:31.562, 0.0143, 0.0, 0.0
2005-01-14T09:19:33.421, 0.0143, 0.0, 0.0
2005-01-14T09:19:35.296, 0.0143, 0.0, 0.0
2005-01-14T09:19:37.171, 0.0143, 0.0, 0.0
2005-01-14T09:19:39.046, 0.0143, 0.0, 0.0
2005-01-14T09:19:40.921, 0.0143, 0.0, 0.0
2005-01-14T09:19:42.750, 0.0143, 0.0, 0.0
2005-01-14T09:19:44.656, 0.0143, 0.0, 0.0
2005-01-14T09:19:46.609, 0.0143, 0.0, 0.0
2005-01-14T09:19:48.484, 0.0143, 0.0, 0.0
2005-01-14T09:19:50.343, 0.0143, 0.0, 0.0
2005-01-14T09:19:52.234, 0.0143, 0.0, 0.0
2005-01-14T09:19:54.109, 0.0143, 0.0, 0.0
2005-01-14T09:19:55.968, 0.0143, 0.0, 0.0
2005-01-14T09:19:57.828, 0.0143, 0.0, 0.0
2005-01-14T09:19:59.718, 0.0143, 0.0, 0.0
2005-01-14T09:20:01.671, 0.0143, 0.0, 0.0
2005-01-14T09:20:03.546, 0.0143, 0.0, 0.0
2005-01-14T09:20:05.406, 0.0143, 0.0, 0.0
2005-01-14T09:20:07.296, 0.0143, 0.0, 0.0
2005-01-14T09:20:09.156, 0.0143, 0.0, 0.0
2005-01-14T09:20:11.031, 0.0143, 0.0, 0.0
2005-01-14T09:20:12.906, 0.0143, 0.0, 0.0
2005-01-14T09:20:14.750, 0.0143, 0.0, 0.0
2005-01-14T09:20:16.718, 0.0143, 0.0, 0.0
2005-01-14T09:20:18.593, 0.0143, 0.0, 0.0
2005-01-14T09:20:20.468, 0.0143, 0.0, 0.0
2005-01-14T09:20:22.343, 0.0143, 0.0, 0.0
2005-01-14T09:20:24.218, 0.0143, 0.0, 0.0
2005-01-14T09:20:26.093, 0.0143, 0.0, 0.0
2005-01-14T09:20:27.968, 0.0143, 0.0, 0.0
2005-01-14T09:20:29.812, 0.0143, 0.0, 0.0
2005-01-14T09:20:31.781, 0.0143, 0.0, 0.0
2005-01-14T09:20:33.656, 0.0143, 0.0, 0.0
2005-01-14T09:20:35.531, 0.0143, 0.0, 0.0
2005-01-14T09:21:04.484, 0.0143, 0.0, 0.0
2005-01-14T09:21:06.359, 0.0143, 0.0, 0.0
2005-01-14T09:21:08.359, 0.0143, 0.0, 0.0
2005-01-14T09:21:10.171, 0.0143, 0.0, 0.0
2005-01-14T09:21:12.046, 0.0143, 0.0, 0.0
2005-01-14T09:21:13.921, 0.0143, 0.0, 0.0
2005-01-14T09:21:15.796, 0.0143, 0.0, 0.0
2005-01-14T09:21:17.671, 0.0143, 0.0, 0.0
2005-01-14T09:21:19.546, 0.0143, 0.0, 0.0
2005-01-14T09:21:21.406, 0.0143, 0.0, 0.0
2005-01-14T09:21:23.421, 0.0143, 0.0, 0.0
2005-01-14T09:21:25.234, 0.0143, 0.0, 0.0
2005-01-14T09:21:27.109, 0.0143, 0.0, 0.0
2005-01-14T09:21:28.984, 0.0143, 0.0, 0.0
2005-01-14T09:21:30.843, 0.0143, 0.0, 0.0
2005-01-14T09:21:32.718, 0.0143, 0.0, 0.0
2005-01-14T09:21:34.593, 0.0143, 0.0, 0.0
2005-01-14T09:21:36.468, 0.0143, 0.0, 0.0
2005-01-14T09:21:38.484, 0.0143, 0.0, 0.0
2005-01-14T09:21:40.281, 0.0143, 0.0, 0.0
2005-01-14T09:21:42.156, 0.0143, 0.0, 0.0
2005-01-14T09:21:44.031, 0.0143, 0.0, 0.0
2005-01-14T09:21:45.906, 0.0143, 0.0, 0.0
2005-01-14T09:21:47.781, 0.0143, 0.0, 0.0
2005-01-14T09:21:49.656, 0.0143, 0.0, 0.0
2005-01-14T09:21:51.531, 0.0143, 0.0, 0.0
2005-01-14T09:21:53.531, 0.0143, 0.0, 0.0
2005-01-14T09:21:55.343, 0.0143, 0.0, 0.0
2005-01-14T09:21:57.218, 0.0143, 0.0, 0.0
2005-01-14T09:21:59.093, 0.0143, 0.0, 0.0
2005-01-14T09:22:00.968, 0.0143, 0.0, 0.0
2005-01-14T09:22:02.828, 0.0143, 0.0, 0.0
2005-01-14T09:22:04.703, 0.0143, 0.0, 0.0
2005-01-14T09:22:06.578, 0.0143, 0.0, 0.0
2005-01-14T09:22:08.593, 0.0143, 0.0, 0.0
2005-01-14T09:22:10.406, 0.0143, 0.0, 0.0
2005-01-14T09:22:12.281, 0.0143, 0.0, 0.0
2005-01-14T09:22:14.140, 0.0143, 0.0, 0.0
2005-01-14T09:22:16.015, 0.0143, 0.0, 0.0
2005-01-14T09:22:17.890, 0.0143, 0.0, 0.0
2005-01-14T09:22:19.765, 0.0143, 0.0, 0.0
2005-01-14T09:22:21.640, 0.0143, 0.0, 0.0
2005-01-14T09:22:23.640, 0.0143, 0.0, 0.0
2005-01-14T09:22:25.468, 0.0143, 0.0, 0.0
2005-01-14T09:22:27.343, 0.0143, 0.0, 0.0
2005-01-14T09:22:29.218, 0.0143, 0.0, 0.0
2005-01-14T09:22:31.078, 0.0143, 0.0, 0.0
2005-01-14T09:22:32.953, 0.0143, 0.0, 0.0
2005-01-14T09:22:34.828, 0.0143, 0.0, 0.0
2005-01-14T09:22:36.703, 0.0143, 0.0, 0.0
2005-01-14T09:22:38.703, 0.0143, 0.0, 0.0
2005-01-14T09:22:40.515, 0.0143, 0.0, 0.0
2005-01-14T09:22:42.390, 0.0143, 0.0, 0.0
2005-01-14T09:22:44.265, 0.0143, 0.0, 0.0
2005-01-14T09:23:03.078, 0.0143, 0.0, 0.0
2005-01-14T09:23:04.937, 0.0143, 0.0, 0.0
2005-01-14T09:23:06.812, 0.0143, 0.0, 0.0
2005-01-14T09:23:08.828, 0.0143, 0.0, 0.0
2005-01-14T09:23:10.625, 0.0143, 0.0, 0.0
2005-01-14T09:23:12.500, 0.0143, 0.0, 0.0
2005-01-14T09:23:14.375, 0.0143, 0.0, 0.0
2005-01-14T09:23:16.250, 0.0143, 0.0, 0.0
2005-01-14T09:23:18.125, 0.0143, 0.0, 0.0
2005-01-14T09:23:20.000, 0.0143, 0.0, 0.0
2005-01-14T09:23:21.875, 0.0143, 0.0, 0.0
2005-01-14T09:23:23.875, 0.0143, 0.0, 0.0
2005-01-14T09:23:25.687, 0.0143, 0.0, 0.0
2005-01-14T09:23:27.562, 0.0143, 0.0, 0.0
2005-01-14T09:23:29.437, 0.0143, 0.0, 0.0
2005-01-14T09:23:31.312, 0.0143, 0.0, 0.0
2005-01-14T09:23:33.187, 0.0143, 0.0, 0.0
2005-01-14T09:23:35.062, 0.0143, 0.0, 0.0
2005-01-14T09:23:36.921, 0.0143, 0.0, 0.0
2005-01-14T09:23:38.937, 0.0143, 0.0, 0.0
2005-01-14T09:23:40.750, 0.0143, 0.0, 0.0
2005-01-14T09:23:42.625, 0.0143, 0.0, 0.0
2005-01-14T09:23:44.484, 0.0143, 0.0, 0.0
2005-01-14T09:23:46.359, 0.0143, 0.0, 0.0
2005-01-14T09:23:48.234, 0.0143, 0.0, 0.0
2005-01-14T09:23:50.109, 0.0143, 0.0, 0.0
2005-01-14T09:23:51.984, 0.0143, 0.0, 0.0
2005-01-14T09:23:54.000, 0.0143, 0.0, 0.0
2005-01-14T09:23:55.812, 0.0143, 0.0, 0.0
2005-01-14T09:23:57.687, 0.0143, 0.0, 0.0
2005-01-14T09:23:59.546, 0.0143, 0.0, 0.0
2005-01-14T09:24:01.421, 0.0143, 0.0, 0.0
2005-01-14T09:24:03.296, 0.0143, 0.0, 0.0
2005-01-14T09:24:05.171, 0.0143, 0.0, 0.0
2005-01-14T09:24:07.046, 0.0143, 0.0, 0.0
2005-01-14T09:24:09.046, 0.0143, 0.0, 0.0
2005-01-14T09:24:10.796, 0.0143, 0.0, 0.0
2005-01-14T09:24:12.734, 0.0143, 0.0, 0.0
2005-01-14T09:24:14.609, 0.0144, 0.0, 0.0
2005-01-14T09:24:16.484, 0.0144, 0.0, 0.0
2005-01-14T09:24:18.359, 0.0144, 0.0, 0.0
2005-01-14T09:24:20.234, 0.0144, 0.0, 0.0
2005-01-14T09:24:22.109, 0.0144, 0.0, 0.0
2005-01-14T09:24:24.109, 0.0144, 0.0, 0.0
2005-01-14T09:24:25.921, 0.0144, 0.0, 0.0
2005-01-14T09:24:27.796, 0.0144, 0.0, 0.0
2005-01-14T09:24:29.671, 0.0144, 0.0, 0.0
2005-01-14T09:24:31.546, 0.0144, 0.0, 0.0
2005-01-14T09:24:33.406, 0.0144, 0.0, 0.0
2005-01-14T09:24:35.296, 0.0144, 0.0, 0.0
2005-01-14T09:24:37.171, 0.0144, 0.0, 0.0
2005-01-14T09:24:39.171, 0.0144, 0.0, 0.0
2005-01-14T09:24:40.984, 0.0144, 0.0, 0.0
2005-01-14T09:24:42.843, 0.0144, 0.0, 0.0
2005-01-14T09:24:44.734, 0.0144, 0.0, 0.0
2005-01-14T09:25:05.406, 0.0144, 0.0, 0.0
2005-01-14T09:25:07.281, 0.0144, 0.0, 0.0
2005-01-14T09:25:09.281, 0.0144, 0.0, 0.0
2005-01-14T09:25:11.093, 0.0144, 0.0, 0.0
2005-01-14T09:25:12.968, 0.0144, 0.0, 0.0
2005-01-14T09:25:14.843, 0.0144, 0.0, 0.0
2005-01-14T09:25:16.718, 0.0144, 0.0, 0.0
2005-01-14T09:25:18.593, 0.0144, 0.0, 0.0
2005-01-14T09:25:20.453, 0.0144, 0.0, 0.0
2005-01-14T09:25:22.328, 0.0144, 0.0, 0.0
2005-01-14T09:25:24.328, 0.0144, 0.0, 0.0
2005-01-14T09:25:26.156, 0.0144, 0.0, 0.0
2005-01-14T09:25:28.031, 0.0144, 0.0, 0.0
2005-01-14T09:25:29.906, 0.0144, 0.0, 0.0
2005-01-14T09:25:31.781, 0.0144, 0.0, 0.0
2005-01-14T09:25:33.640, 0.0144, 0.0, 0.0
2005-01-14T09:25:35.515, 0.0144, 0.0, 0.0
2005-01-14T09:25:37.390, 0.0144, 0.0, 0.0
2005-01-14T09:25:39.390, 0.0144, 0.0, 0.0
2005-01-14T09:25:41.218, 0.0144, 0.0, 0.0
2005-01-14T09:25:43.093, 0.0144, 0.0, 0.0
2005-01-14T09:25:44.953, 0.0144, 0.0, 0.0
2005-01-14T09:25:46.828, 0.0144, 0.0, 0.0
2005-01-14T09:25:57.078, 0.0144, 0.0, 0.0
2005-01-14T09:25:58.875, 0.0144, 0.0, 0.0
2005-01-14T09:26:00.750, 0.0144, 0.0, 0.0
2005-01-14T09:26:02.687, 0.0144, 0.0, 0.0
2005-01-14T09:26:04.562, 0.0144, 0.0, 0.0
2005-01-14T09:26:06.437, 0.0144, 0.0, 0.0
2005-01-14T09:26:12.062, 0.0144, 0.0, 0.0
2005-01-14T09:26:13.921, 0.0144, 0.0, 0.0
2005-01-14T09:26:15.812, 0.0144, 0.0, 0.0
2005-01-14T09:26:17.750, 0.0144, 0.0, 0.0
2005-01-14T09:26:19.625, 0.0144, 0.0, 0.0
2005-01-14T09:26:21.500, 0.0144, 0.0, 0.0
2005-01-14T09:26:23.375, 0.0144, 0.0, 0.0
2005-01-14T09:26:25.250, 0.0144, 0.0, 0.0
2005-01-14T09:26:27.125, 0.0144, 0.0, 0.0
2005-01-14T09:26:28.984, 0.0144, 0.0, 0.0
2005-01-14T09:26:30.859, 0.0144, 0.0, 0.0
2005-01-14T09:26:32.812, 0.0144, 0.0, 0.0
2005-01-14T09:26:34.687, 0.0144, 0.0, 0.0
2005-01-14T09:26:36.562, 0.0144, 0.0, 0.0
2005-01-14T09:26:38.437, 0.0144, 0.0, 0.0
2005-01-14T09:26:40.296, 0.0144, 0.0, 0.0
2005-01-14T09:26:42.171, 0.0144, 0.0, 0.0
2005-01-14T09:26:44.046, 0.0144, 0.0, 0.0
2005-01-14T09:26:45.921, 0.0144, 0.0, 0.0
2005-01-14T09:26:47.859, 0.0144, 0.0, 0.0
2005-01-14T09:26:49.765, 0.0144, 0.0, 0.0
2005-01-14T09:26:51.640, 0.0144, 0.0, 0.0
2005-01-14T09:26:53.500, 0.0144, 0.0, 0.0
2005-01-14T09:27:10.437, 0.0144, 0.0, 0.0
2005-01-14T09:27:12.312, 0.0144, 0.0, 0.0
2005-01-14T09:27:14.187, 0.0144, 0.0, 0.0
2005-01-14T09:27:16.046, 0.0144, 0.0, 0.0
2005-01-14T09:27:18.000, 0.0144, 0.0, 0.0
2005-01-14T09:27:19.875, 0.0144, 0.0, 0.0
2005-01-14T09:27:21.750, 0.0144, 0.0, 0.0
2005-01-14T09:27:23.625, 0.0144, 0.0, 0.0
2005-01-14T09:27:25.500, 0.0144, 0.0, 0.0
2005-01-14T09:27:27.375, 0.0144, 0.0, 0.0
2005-01-14T09:27:29.234, 0.0144, 0.0, 0.0
2005-01-14T09:27:31.109, 0.0144, 0.0, 0.0
2005-01-14T09:27:33.062, 0.0144, 0.0, 0.0
2005-01-14T09:27:34.921, 0.0144, 0.0, 0.0
2005-01-14T09:27:36.796, 0.0144, 0.0, 0.0
2005-01-14T09:27:38.671, 0.0144, 0.0, 0.0
2005-01-14T09:27:40.546, 0.0144, 0.0, 0.0
2005-01-14T09:27:42.421, 0.0144, 0.0, 0.0
2005-01-14T09:27:44.296, 0.0144, 0.0, 0.0
2005-01-14T09:27:46.171, 0.0144, 0.0, 0.0
2005-01-14T09:27:48.109, 0.0144, 0.0, 0.0
2005-01-14T09:27:49.984, 0.0144, 0.0, 0.0
2005-01-14T09:27:51.859, 0.0144, 0.0, 0.0
2005-01-14T09:27:53.734, 0.0144, 0.0, 0.0
2005-01-14T09:27:55.609, 0.0144, 0.0, 0.0
2005-01-14T09:27:57.484, 0.0144, 0.0, 0.0
2005-01-14T09:27:59.359, 0.0144, 0.0, 0.0
2005-01-14T09:28:01.234, 0.0144, 0.0, 0.0
2005-01-14T09:28:03.171, 0.0144, 0.0, 0.0
2005-01-14T09:28:05.046, 0.0144, 0.0, 0.0
2005-01-14T09:28:06.921, 0.0144, 0.0, 0.0
2005-01-14T09:28:08.796, 0.0144, 0.0, 0.0
2005-01-14T09:28:10.671, 0.0144, 0.0, 0.0
2005-01-14T09:28:12.531, 0.0144, 0.0, 0.0
2005-01-14T09:28:14.406, 0.0144, 0.0, 0.0
2005-01-14T09:28:16.281, 0.0144, 0.0, 0.0
2005-01-14T09:28:18.234, 0.0144, 0.0, 0.0
2005-01-14T09:28:20.109, 0.0144, 0.0, 0.0
2005-01-14T09:28:21.968, 0.0144, 0.0, 0.0
2005-01-14T09:28:23.812, 0.0144, 0.0, 0.0
2005-01-14T09:28:25.718, 0.0144, 0.0, 0.0
2005-01-14T09:28:27.593, 0.0144, 0.0, 0.0
2005-01-14T09:28:29.468, 0.0144, 0.0, 0.0
2005-01-14T09:28:31.343, 0.0144, 0.0, 0.0
2005-01-14T09:28:33.296, 0.0144, 0.0, 0.0
2005-01-14T09:28:35.156, 0.0144, 0.0, 0.0
2005-01-14T09:28:37.031, 0.0144, 0.0, 0.0
2005-01-14T09:28:38.906, 0.0144, 0.0, 0.0
2005-01-14T09:28:40.750, 0.0144, 0.0, 0.0
2005-01-14T09:28:42.656, 0.0144, 0.0, 0.0
2005-01-14T09:28:44.515, 0.0144, 0.0, 0.0
2005-01-14T09:28:46.390, 0.0144, 0.0, 0.0
2005-01-14T09:28:48.343, 0.0144, 0.0, 0.0
2005-01-14T09:28:50.218, 0.0144, 0.0, 0.0
2005-01-14T09:28:52.093, 0.0144, 0.0, 0.0
2005-01-14T09:28:53.968, 0.0144, 0.0, 0.0
2005-01-14T09:29:12.750, 0.0144, 0.0, 0.0
2005-01-14T09:29:14.640, 0.0144, 0.0, 0.0
2005-01-14T09:29:16.515, 0.0144, 0.0, 0.0
2005-01-14T09:29:18.453, 0.0144, 0.0, 0.0
2005-01-14T09:29:20.328, 0.0144, 0.0, 0.0
2005-01-14T09:29:22.187, 0.0144, 0.0, 0.0
2005-01-14T09:29:24.078, 0.0144, 0.0, 0.0
2005-01-14T09:29:25.953, 0.0144, 0.0, 0.0
2005-01-14T09:29:27.812, 0.0144, 0.0, 0.0
2005-01-14T09:29:29.703, 0.0144, 0.0, 0.0
2005-01-14T09:29:31.578, 0.0144, 0.0, 0.0
2005-01-14T09:29:35.390, 0.0144, 0.0, 0.0
2005-01-14T09:29:37.265, 0.0144, 0.0, 0.0
2005-01-14T09:29:39.140, 0.0144, 0.0, 0.0
2005-01-14T09:29:41.015, 0.0144, 0.0, 0.0
2005-01-14T09:29:42.875, 0.0144, 0.0, 0.0
2005-01-14T09:29:44.750, 0.0144, 0.0, 0.0
2005-01-14T09:29:46.625, 0.0144, 0.0, 0.0
2005-01-14T09:29:48.578, 0.0145, 0.0, 0.0
2005-01-14T09:29:50.453, 0.0145, 0.0, 0.0
2005-01-14T09:29:52.328, 0.0145, 0.0, 0.0
2005-01-14T09:29:54.187, 0.0145, 0.0, 0.0
2005-01-14T09:29:56.062, 0.0145, 0.0, 0.0
2005-01-14T09:29:57.921, 0.0145, 0.0, 0.0
2005-01-14T09:29:59.812, 0.0145, 0.0, 0.0
2005-01-14T09:30:01.687, 0.0145, 0.0, 0.0
2005-01-14T09:30:03.640, 0.0145, 0.0, 0.0
2005-01-14T09:30:05.515, 0.0145, 0.0, 0.0
2005-01-14T09:30:07.375, 0.0145, 0.0, 0.0
2005-01-14T09:30:09.250, 0.0145, 0.0, 0.0
2005-01-14T09:30:11.125, 0.0145, 0.0, 0.0
2005-01-14T09:30:13.000, 0.0145, 0.0, 0.0
2005-01-14T09:30:14.859, 0.0145, 0.0, 0.0
2005-01-14T09:30:16.750, 0.0145, 0.0, 0.0
2005-01-14T09:30:18.687, 0.0145, 0.0, 0.0
2005-01-14T09:30:20.562, 0.0145, 0.0, 0.0
2005-01-14T09:30:22.437, 0.0145, 0.0, 0.0
2005-01-14T09:30:24.312, 0.0145, 0.0, 0.0
2005-01-14T09:30:26.187, 0.0145, 0.0, 0.0
2005-01-14T09:30:28.062, 0.0145, 0.0, 0.0
2005-01-14T09:30:29.921, 0.0145, 0.0, 0.0
2005-01-14T09:30:31.796, 0.0145, 0.0, 0.0
2005-01-14T09:30:33.750, 0.0145, 0.0, 0.0
2005-01-14T09:30:35.625, 0.0145, 0.0, 0.0
2005-01-14T09:30:37.500, 0.0145, 0.0, 0.0
2005-01-14T09:30:39.375, 0.0145, 0.0, 0.0
2005-01-14T09:30:41.250, 0.0145, 0.0, 0.0
2005-01-14T09:30:43.125, 0.0145, 0.0, 0.0
2005-01-14T09:30:44.984, 0.0145, 0.0, 0.0
2005-01-14T09:30:46.859, 0.0145, 0.0, 0.0
2005-01-14T09:30:48.796, 0.0145, 0.0, 0.0
2005-01-14T09:30:50.671, 0.0145, 0.0, 0.0
2005-01-14T09:30:52.546, 0.0145, 0.0, 0.0
2005-01-14T09:30:54.421, 0.0145, 0.0, 0.0
2005-01-14T09:31:19.640, 0.0145, 0.0, 0.0
2005-01-14T09:31:21.515, 0.0145, 0.0, 0.0
2005-01-14T09:31:23.375, 0.0145, 0.0, 0.0
2005-01-14T09:31:25.390, 0.0145, 0.0, 0.0
2005-01-14T09:31:27.203, 0.0145, 0.0, 0.0
2005-01-14T09:31:29.078, 0.0145, 0.0, 0.0
2005-01-14T09:31:30.937, 0.0145, 0.0, 0.0
2005-01-14T09:31:32.812, 0.0145, 0.0, 0.0
2005-01-14T09:31:34.687, 0.0145, 0.0, 0.0
2005-01-14T09:31:36.562, 0.0145, 0.0, 0.0
2005-01-14T09:31:38.437, 0.0145, 0.0, 0.0
2005-01-14T09:31:40.437, 0.0145, 0.0, 0.0
2005-01-14T09:31:42.265, 0.0145, 0.0, 0.0
2005-01-14T09:31:44.140, 0.0145, 0.0, 0.0
2005-01-14T09:31:46.000, 0.0145, 0.0, 0.0
2005-01-14T09:31:47.875, 0.0145, 0.0, 0.0
2005-01-14T09:31:49.750, 0.0145, 0.0, 0.0
2005-01-14T09:31:51.625, 0.0145, 0.0, 0.0
2005-01-14T09:31:53.500, 0.0145, 0.0, 0.0
2005-01-14T09:31:55.515, 0.0145, 0.0, 0.0
2005-01-14T09:31:57.312, 0.0145, 0.0, 0.0
2005-01-14T09:31:59.187, 0.0145, 0.0, 0.0
2005-01-14T09:32:01.062, 0.0145, 0.0, 0.0
2005-01-14T09:32:02.937, 0.0145, 0.0, 0.0
2005-01-14T09:32:04.812, 0.0145, 0.0, 0.0
2005-01-14T09:32:06.687, 0.0145, 0.0, 0.0
2005-01-14T09:32:08.546, 0.0145, 0.0, 0.0
2005-01-14T09:32:10.562, 0.0145, 0.0, 0.0
2005-01-14T09:32:12.375, 0.0145, 0.0, 0.0
2005-01-14T09:32:14.250, 0.0145, 0.0, 0.0
2005-01-14T09:32:16.125, 0.0145, 0.0, 0.0
2005-01-14T09:32:18.000, 0.0145, 0.0, 0.0
2005-01-14T09:32:19.875, 0.0145, 0.0, 0.0
2005-01-14T09:32:21.734, 0.0145, 0.0, 0.0
2005-01-14T09:32:23.609, 0.0145, 0.0, 0.0
2005-01-14T09:32:25.625, 0.0145, 0.0, 0.0
2005-01-14T09:32:27.437, 0.0145, 0.0, 0.0
2005-01-14T09:32:29.312, 0.0145, 0.0, 0.0
2005-01-14T09:32:31.187, 0.0145, 0.0, 0.0
2005-01-14T09:32:33.062, 0.0145, 0.0, 0.0
2005-01-14T09:32:34.921, 0.0145, 0.0, 0.0
2005-01-14T09:32:36.796, 0.0145, 0.0, 0.0
2005-01-14T09:32:38.671, 0.0145, 0.0, 0.0
2005-01-14T09:32:40.671, 0.0145, 0.0, 0.0
2005-01-14T09:32:42.484, 0.0145, 0.0, 0.0
2005-01-14T09:32:44.359, 0.0145, 0.0, 0.0
2005-01-14T09:32:46.234, 0.0145, 0.0, 0.0
2005-01-14T09:32:48.109, 0.0145, 0.0, 0.0
2005-01-14T09:32:49.984, 0.0145, 0.0, 0.0
2005-01-14T09:32:51.828, 0.0145, 0.0, 0.0
2005-01-14T09:32:53.734, 0.0145, 0.0, 0.0
2005-01-14T09:32:55.734, 0.0145, 0.0, 0.0
2005-01-14T09:32:57.546, 0.0145, 0.0, 0.0
2005-01-14T09:32:59.421, 0.0145, 0.0, 0.0
2005-01-14T09:33:01.296, 0.0145, 0.0, 0.0
2005-01-14T09:33:03.171, 0.0145, 0.0, 0.0
2005-01-14T09:33:18.218, 0.0145, 0.0, 0.0
2005-01-14T09:33:20.093, 0.0145, 0.0, 0.0
2005-01-14T09:33:21.968, 0.0145, 0.0, 0.0
2005-01-14T09:33:23.812, 0.0145, 0.0, 0.0
2005-01-14T09:33:25.859, 0.0145, 0.0, 0.0
2005-01-14T09:33:27.671, 0.0145, 0.0, 0.0
2005-01-14T09:33:29.531, 0.0145, 0.0, 0.0
2005-01-14T09:33:31.406, 0.0145, 0.0, 0.0
2005-01-14T09:33:33.281, 0.0145, 0.0, 0.0
2005-01-14T09:33:35.156, 0.0145, 0.0, 0.0
2005-01-14T09:33:37.031, 0.0145, 0.0, 0.0
2005-01-14T09:33:38.906, 0.0145, 0.0, 0.0
2005-01-14T09:33:40.890, 0.0145, 0.0, 0.0
2005-01-14T09:33:42.718, 0.0145, 0.0, 0.0
2005-01-14T09:33:44.593, 0.0145, 0.0, 0.0
2005-01-14T09:33:46.468, 0.0145, 0.0, 0.0
2005-01-14T09:33:48.343, 0.0145, 0.0, 0.0
2005-01-14T09:33:50.218, 0.0145, 0.0, 0.0
2005-01-14T09:33:52.093, 0.0145, 0.0, 0.0
2005-01-14T09:33:53.953, 0.0145, 0.0, 0.0
2005-01-14T09:33:55.953, 0.0145, 0.0, 0.0
2005-01-14T09:33:57.781, 0.0145, 0.0, 0.0
2005-01-14T09:33:59.656, 0.0145, 0.0, 0.0
2005-01-14T09:34:01.531, 0.0145, 0.0, 0.0
2005-01-14T09:34:03.406, 0.0145, 0.0, 0.0
2005-01-14T09:34:05.265, 0.0145, 0.0, 0.0
2005-01-14T09:34:07.140, 0.0145, 0.0, 0.0
2005-01-14T09:34:09.015, 0.0145, 0.0, 0.0
2005-01-14T09:34:11.015, 0.0145, 0.0, 0.0
2005-01-14T09:34:12.781, 0.0145, 0.0, 0.0
2005-01-14T09:34:14.703, 0.0145, 0.0, 0.0
2005-01-14T09:34:16.578, 0.0145, 0.0, 0.0
2005-01-14T09:34:18.453, 0.0145, 0.0, 0.0
2005-01-14T09:34:20.328, 0.0145, 0.0, 0.0
2005-01-14T09:34:22.187, 0.0145, 0.0, 0.0
2005-01-14T09:34:24.062, 0.0145, 0.0, 0.0
2005-01-14T09:34:26.062, 0.0145, 0.0, 0.0
2005-01-14T09:34:27.890, 0.0145, 0.0, 0.0
2005-01-14T09:34:29.765, 0.0145, 0.0, 0.0
2005-01-14T09:34:31.640, 0.0145, 0.0, 0.0
2005-01-14T09:34:33.515, 0.0145, 0.0, 0.0
2005-01-14T09:34:35.390, 0.0145, 0.0, 0.0
2005-01-14T09:34:37.265, 0.0145, 0.0, 0.0
2005-01-14T09:34:39.140, 0.0145, 0.0, 0.0
2005-01-14T09:34:41.140, 0.0145, 0.0, 0.0
2005-01-14T09:34:42.937, 0.0145, 0.0, 0.0
2005-01-14T09:34:44.828, 0.0145, 0.0, 0.0
2005-01-14T09:34:46.687, 0.0145, 0.0, 0.0
2005-01-14T09:34:48.562, 0.0145, 0.0, 0.0
2005-01-14T09:34:50.437, 0.0145, 0.0, 0.0
2005-01-14T09:34:52.312, 0.0145, 0.0, 0.0
2005-01-14T09:34:54.187, 0.0145, 0.0, 0.0
2005-01-14T09:34:56.187, 0.0145, 0.0, 0.0
2005-01-14T09:34:58.000, 0.0145, 0.0, 0.0
2005-01-14T09:34:59.875, 0.0145, 0.0, 0.0
2005-01-14T09:35:01.750, 0.0145, 0.0, 0.0
2005-01-14T09:35:03.625, 0.0145, 0.0, 0.0
2005-01-14T09:35:18.703, 0.0145, 0.0, 0.0
2005-01-14T09:35:20.562, 0.0145, 0.0, 0.0
2005-01-14T09:35:22.437, 0.0146, 0.0, 0.0
2005-01-14T09:35:24.312, 0.0146, 0.0, 0.0
2005-01-14T09:35:26.328, 0.0146, 0.0, 0.0
2005-01-14T09:35:28.140, 0.0146, 0.0, 0.0
2005-01-14T09:35:30.015, 0.0146, 0.0, 0.0
2005-01-14T09:35:31.890, 0.0146, 0.0, 0.0
2005-01-14T09:35:33.765, 0.0146, 0.0, 0.0
2005-01-14T09:35:35.640, 0.0146, 0.0, 0.0
2005-01-14T09:35:37.515, 0.0146, 0.0, 0.0
2005-01-14T09:35:39.375, 0.0146, 0.0, 0.0
2005-01-14T09:35:41.390, 0.0146, 0.0, 0.0
2005-01-14T09:35:43.203, 0.0146, 0.0, 0.0
2005-01-14T09:35:45.078, 0.0146, 0.0, 0.0
2005-01-14T09:35:46.953, 0.0146, 0.0, 0.0
2005-01-14T09:35:48.812, 0.0146, 0.0, 0.0
2005-01-14T09:35:50.687, 0.0146, 0.0, 0.0
2005-01-14T09:35:52.562, 0.0146, 0.0, 0.0
2005-01-14T09:35:54.437, 0.0146, 0.0, 0.0
2005-01-14T09:35:56.453, 0.0146, 0.0, 0.0
2005-01-14T09:35:58.265, 0.0146, 0.0, 0.0
2005-01-14T09:36:00.125, 0.0146, 0.0, 0.0
2005-01-14T09:36:02.000, 0.0146, 0.0, 0.0
2005-01-14T09:36:03.875, 0.0146, 0.0, 0.0
2005-01-14T09:55:04.828, 0.0149, 0.0, 0.0
2005-01-14T09:55:12.421, 0.0149, 0.0, 0.0
2005-01-14T09:55:19.906, 0.0149, 0.0, 0.0
2005-01-14T09:55:34.750, 0.0149, 0.0, 0.0
2005-01-14T09:55:57.312, 0.0149, 0.0, 0.0
2005-01-14T09:56:04.859, 0.0149, 0.0, 0.0
2005-01-14T09:56:12.359, 0.0149, 0.0, 0.0
2005-01-14T09:56:19.921, 0.0149, 0.0, 0.0
2005-01-14T09:56:27.421, 0.0149, 0.0, 0.0
2005-01-14T09:56:34.984, 0.0149, 0.0, 0.0
2005-01-14T09:56:42.484, 0.0149, 0.0, 0.0
2005-01-14T09:56:50.046, 0.0149, 0.0, 0.0
2005-01-14T09:56:57.546, 0.0149, 0.0, 0.0
2005-01-14T09:57:05.109, 0.0149, 0.0, 0.0
2005-01-14T09:57:12.609, 0.0149, 0.0, 0.0
2005-01-14T09:57:20.171, 0.0149, 0.0, 0.0
2005-01-14T09:57:27.656, 0.0149, 0.0, 0.0
2005-01-14T09:57:35.234, 0.0150, 0.0, 0.0
2005-01-14T09:57:57.781, 0.0150, 0.0, 0.0
2005-01-14T09:58:05.343, 0.0150, 0.0, 0.0
2005-01-14T09:58:12.843, 0.0150, 0.0, 0.0
2005-01-14T09:58:20.406, 0.0150, 0.0, 0.0
2005-01-14T09:58:27.906, 0.0150, 0.0, 0.0
2005-01-14T09:58:35.468, 0.0150, 0.0, 0.0
2005-01-14T09:58:42.953, 0.0150, 0.0, 0.0
2005-01-14T09:58:50.531, 0.0150, 0.0, 0.0
2005-01-14T09:58:58.015, 0.0150, 0.0, 0.0
2005-01-14T09:59:05.593, 0.0150, 0.0, 0.0
2005-01-14T09:59:13.078, 0.0150, 0.0, 0.0
2005-01-14T09:59:20.671, 0.0150, 0.0, 0.0
2005-01-14T09:59:28.156, 0.0150, 0.0, 0.0
2005-01-14T09:59:35.734, 0.0150, 0.0, 0.0
2005-01-14T09:59:58.281, 0.0150, 0.0, 0.0
2005-01-14T10:00:05.812, 0.0150, 0.0, 0.0
2005-01-14T10:00:13.343, 0.0150, 0.0, 0.0
2005-01-14T10:00:20.906, 0.0150, 0.0, 0.0
2005-01-14T10:00:28.390, 0.0150, 0.0, 0.0
2005-01-14T10:00:47.062, 0.0150, 0.0, 0.0
2005-01-14T10:00:54.625, 0.0150, 0.0, 0.0
2005-01-14T10:01:02.125, 0.0150, 0.0, 0.0
2005-01-14T10:01:09.687, 0.0150, 0.0, 0.0
2005-01-14T10:01:17.171, 0.0150, 0.0, 0.0
2005-01-14T10:01:24.750, 0.0150, 0.0, 0.0
2005-01-14T10:01:32.234, 0.0150, 0.0, 0.0
2005-01-14T10:01:39.796, 0.0150, 0.0, 0.0
2005-01-14T10:01:47.296, 0.0150, 0.0, 0.0
2005-01-14T10:02:02.343, 0.0150, 0.0, 0.0
2005-01-14T10:02:09.859, 0.0150, 0.0, 0.0
2005-01-14T10:02:17.406, 0.0150, 0.0, 0.0
2005-01-14T10:02:24.984, 0.0150, 0.0, 0.0
2005-01-14T10:02:32.468, 0.0150, 0.0, 0.0
2005-01-14T10:02:40.046, 0.0150, 0.0, 0.0
2005-01-14T10:02:47.531, 0.0150, 0.0, 0.0
2005-01-14T10:02:55.109, 0.0150, 0.0, 0.0
2005-01-14T10:03:02.593, 0.0150, 0.0, 0.0
2005-01-14T10:03:10.156, 0.0151, 0.0, 0.0
2005-01-14T10:03:17.656, 0.0151, 0.0, 0.0
2005-01-14T10:03:25.234, 0.0151, 0.0, 0.0
2005-01-14T10:03:32.734, 0.0151, 0.0, 0.0
2005-01-14T10:03:40.296, 0.0151, 0.0, 0.0
2005-01-14T10:03:47.796, 0.0151, 0.0, 0.0
2005-01-14T10:04:02.843, 0.0151, 0.0, 0.0
2005-01-14T10:04:10.421, 0.0151, 0.0, 0.0
2005-01-14T10:04:17.906, 0.0151, 0.0, 0.0
2005-01-14T10:04:25.484, 0.0151, 0.0, 0.0
2005-01-14T10:04:32.968, 0.0151, 0.0, 0.0
2005-01-14T10:04:40.531, 0.0151, 0.0, 0.0
2005-01-14T10:04:48.031, 0.0151, 0.0, 0.0
2005-01-14T10:04:55.593, 0.0151, 0.0, 0.0
2005-01-14T10:05:03.093, 0.0151, 0.0, 0.0
2005-01-14T10:05:10.656, 0.0151, 0.0, 0.0
2005-01-14T10:05:18.156, 0.0151, 0.0, 0.0
2005-01-14T10:05:25.718, 0.0151, 0.0, 0.0
2005-01-14T10:05:33.203, 0.0151, 0.0, 0.0
2005-01-14T10:05:40.765, 0.0151, 0.0, 0.0
2005-01-14T10:05:48.265, 0.0151, 0.0, 0.0
2005-01-14T10:06:03.328, 0.0151, 0.0, 0.0
2005-01-14T10:06:10.890, 0.0151, 0.0, 0.0
2005-01-14T10:06:18.375, 0.0151, 0.0, 0.0
2005-01-14T10:06:25.953, 0.0151, 0.0, 0.0
2005-01-14T10:06:33.453, 0.0151, 0.0, 0.0
2005-01-14T10:06:41.015, 0.0151, 0.0, 0.0
2005-01-14T10:06:48.500, 0.0151, 0.0, 0.0
2005-01-14T10:06:56.078, 0.0151, 0.0, 0.0
2005-01-14T10:07:03.578, 0.0151, 0.0, 0.0
2005-01-14T10:07:11.140, 0.0151, 0.0, 0.0
2005-01-14T10:07:18.640, 0.0151, 0.0, 0.0
2005-01-14T10:07:26.203, 0.0151, 0.0, 0.0
2005-01-14T10:07:33.703, 0.0151, 0.0, 0.0
2005-01-14T10:07:41.265, 0.0151, 0.0, 0.0
2005-01-14T10:07:48.750, 0.0151, 0.0, 0.0
2005-01-14T10:08:03.812, 0.0151, 0.0, 0.0
2005-01-14T10:08:11.390, 0.0151, 0.0, 0.0
2005-01-14T10:08:18.859, 0.0151, 0.0, 0.0
2005-01-14T10:08:26.437, 0.0151, 0.0, 0.0
2005-01-14T10:08:33.921, 0.0151, 0.0, 0.0
2005-01-14T10:08:41.500, 0.0152, 0.0, 0.0
2005-01-14T10:08:49.000, 0.0152, 0.0, 0.0
2005-01-14T10:09:11.406, 0.0152, 0.0, 0.0
2005-01-14T10:09:18.968, 0.0152, 0.0, 0.0
2005-01-14T10:09:26.453, 0.0152, 0.0, 0.0
2005-01-14T10:09:34.015, 0.0152, 0.0, 0.0
2005-01-14T10:09:41.515, 0.0152, 0.0, 0.0
2005-01-14T10:09:49.093, 0.0152, 0.0, 0.0
2005-01-14T10:09:56.593, 0.0152, 0.0, 0.0
2005-01-14T10:10:11.640, 0.0152, 0.0, 0.0
2005-01-14T10:10:19.218, 0.0152, 0.0, 0.0
2005-01-14T10:10:26.703, 0.0152, 0.0, 0.0
2005-01-14T10:10:34.265, 0.0152, 0.0, 0.0
2005-01-14T10:10:41.765, 0.0152, 0.0, 0.0
2005-01-14T10:10:49.328, 0.0152, 0.0, 0.0
2005-01-14T10:10:56.828, 0.0152, 0.0, 0.0
2005-01-14T10:11:04.390, 0.0152, 0.0, 0.0
2005-01-14T10:11:11.890, 0.0152, 0.0, 0.0
2005-01-14T10:11:19.453, 0.0152, 0.0, 0.0
2005-01-14T10:11:26.937, 0.0152, 0.0, 0.0
2005-01-14T10:11:34.515, 0.0152, 0.0, 0.0
2005-01-14T10:11:42.000, 0.0152, 0.0, 0.0
2005-01-14T10:11:49.578, 0.0152, 0.0, 0.0
2005-01-14T10:11:57.062, 0.0152, 0.0, 0.0
2005-01-14T10:12:12.125, 0.0152, 0.0, 0.0
2005-01-14T10:12:19.687, 0.0152, 0.0, 0.0
2005-01-14T10:12:27.187, 0.0152, 0.0, 0.0
2005-01-14T10:12:34.750, 0.0152, 0.0, 0.0
2005-01-14T10:12:42.250, 0.0152, 0.0, 0.0
2005-01-14T10:12:49.812, 0.0152, 0.0, 0.0
2005-01-14T10:12:57.296, 0.0152, 0.0, 0.0
2005-01-14T10:13:04.828, 0.0152, 0.0, 0.0
2005-01-14T10:13:12.359, 0.0152, 0.0, 0.0
2005-01-14T10:13:19.859, 0.0152, 0.0, 0.0
2005-01-14T10:13:27.406, 0.0152, 0.0, 0.0
2005-01-14T10:13:34.984, 0.0152, 0.0, 0.0
2005-01-14T10:13:42.468, 0.0152, 0.0, 0.0
2005-01-14T10:13:50.046, 0.0152, 0.0, 0.0
2005-01-14T10:13:57.531, 0.0152, 0.0, 0.0
2005-01-14T10:14:19.875, 0.0153, 0.0, 0.0
2005-01-14T10:14:27.437, 0.0153, 0.0, 0.0
2005-01-14T10:14:34.921, 0.0153, 0.0, 0.0
2005-01-14T10:14:42.500, 0.0153, 0.0, 0.0
2005-01-14T10:14:49.984, 0.0153, 0.0, 0.0
2005-01-14T10:14:57.562, 0.0153, 0.0, 0.0
2005-01-14T10:15:05.046, 0.0153, 0.0, 0.0
2005-01-14T10:16:58.031, 0.0153, 0.0, 0.0
2005-01-14T10:17:07.406, 0.0153, 0.0, 0.0
2005-01-14T10:17:16.843, 0.0154, 0.0, 0.0
2005-01-14T10:17:26.187, 0.0154, 0.0, 0.0
2005-01-14T10:17:35.640, 0.0154, 0.0, 0.0
2005-01-14T10:17:45.078, 0.0155, 0.0, 0.0
2005-01-14T10:17:54.453, 0.0155, 0.0, 0.0
2005-01-14T10:18:03.890, 0.0156, 0.0, 0.0
2005-01-14T10:20:25.984, 0.0162, 0.0, 0.0
2005-01-14T10:20:35.406, 0.0162, 0.0, 0.0
2005-01-14T10:20:44.781, 0.0163, 0.0, 0.0
2005-01-14T10:20:54.218, 0.0163, 0.0, 0.0
2005-01-14T10:21:03.656, 0.0163, 0.0, 0.0
2005-01-14T10:21:13.156, 0.0164, 0.0, 0.0
2005-01-14T10:21:22.453, 0.0164, 0.0, 0.0
2005-01-14T10:21:31.890, 0.0165, 0.0, 0.0
2005-01-14T10:21:41.265, 0.0165, 0.0, 0.0
2005-01-14T10:21:50.703, 0.0166, 0.0, 0.0
2005-01-14T10:22:00.156, 0.0166, 0.0, 0.0
2005-01-14T10:22:09.531, 0.0166, 0.0, 0.0
2005-01-14T10:22:28.468, 0.0167, 0.0, 0.0
2005-01-14T10:22:37.765, 0.0168, 0.0, 0.0
2005-01-14T10:22:47.218, 0.0168, 0.0, 0.0
2005-01-14T10:22:56.578, 0.0168, 0.0, 0.0
2005-01-14T10:23:06.015, 0.0169, 0.0, 0.0
2005-01-14T10:23:15.453, 0.0169, 0.0, 0.0
2005-01-14T10:24:32.609, 0.0173, 0.0, 0.0
2005-01-14T10:24:41.968, 0.0173, 0.0, 0.0
2005-01-14T10:24:51.437, 0.0174, 0.0, 0.0
2005-01-14T10:25:00.875, 0.0174, 0.0, 0.0
2005-01-14T10:25:10.234, 0.0175, 0.0, 0.0
2005-01-14T10:25:19.671, 0.0175, 0.0, 0.0
2005-01-14T10:25:29.171, 0.0175, 0.0, 0.0
2005-01-14T10:25:38.484, 0.0176, 0.0, 0.0
2005-01-14T10:25:47.921, 0.0176, 0.0, 0.0
2005-01-14T10:25:57.312, 0.0177, 0.0, 0.0
2005-01-14T10:26:06.750, 0.0177, 0.0, 0.0
2005-01-14T10:26:25.562, 0.0178, 0.0, 0.0
2005-01-14T10:26:35.000, 0.0178, 0.0, 0.0
2005-01-14T10:26:44.500, 0.0179, 0.0, 0.0
2005-01-14T10:26:53.812, 0.0179, 0.0, 0.0
2005-01-14T10:27:03.250, 0.0180, 0.0, 0.0
2005-01-14T10:27:12.609, 0.0180, 0.0, 0.0
2005-01-14T10:27:22.046, 0.0181, 0.0, 0.0
2005-01-14T10:27:31.500, 0.0181, 0.0, 0.0
2005-01-14T10:27:40.843, 0.0182, 0.0, 0.0
2005-01-14T10:27:50.296, 0.0182, 0.0, 0.0
2005-01-14T10:27:59.796, 0.0182, 0.0, 0.0
2005-01-14T10:28:09.109, 0.0183, 0.0, 0.0
2005-01-14T10:28:27.906, 0.0184, 0.0, 0.0
2005-01-14T10:28:37.343, 0.0184, 0.0, 0.0
2005-01-14T10:28:46.781, 0.0185, 0.0, 0.0
2005-01-14T10:28:56.140, 0.0185, 0.0, 0.0
2005-01-14T10:29:05.593, 0.0186, 0.0, 0.0
2005-01-14T10:29:15.093, 0.0186, 0.0, 0.0
2005-01-14T10:29:24.390, 0.0186, 0.0, 0.0
2005-01-14T10:29:59.984, 0.0188, 0.0, 0.0
2005-01-14T10:30:09.437, 0.0189, 0.0, 0.0
2005-01-14T10:30:18.796, 0.0189, 0.0, 0.0
2005-01-14T10:30:34.750, 0.0190, 0.0, 0.0
2005-01-14T10:30:42.359, 0.0190, 0.0, 0.0
2005-01-14T10:30:49.812, 0.0191, 0.0, 0.0
2005-01-14T10:30:57.421, 0.0191, 0.0, 0.0
2005-01-14T10:31:04.906, 0.0191, 0.0, 0.0
2005-01-14T10:31:12.468, 0.0192, 0.0, 0.0
2005-01-14T10:31:19.968, 0.0192, 0.0, 0.0
2005-01-14T10:31:27.546, 0.0192, 0.0, 0.0
2005-01-14T10:31:35.031, 0.0193, 0.0, 0.0
2005-01-14T10:31:42.593, 0.0193, 0.0, 0.0
2005-01-14T10:31:50.093, 0.0194, 0.0, 0.0
2005-01-14T10:31:57.671, 0.0194, 0.0, 0.0
2005-01-14T10:32:05.171, 0.0194, 0.0, 0.0
2005-01-14T10:32:12.734, 0.0195, 0.0, 0.0
2005-01-14T10:32:20.234, 0.0195, 0.0, 0.0
2005-01-14T10:32:35.296, 0.0196, 0.0, 0.0
2005-01-14T10:32:42.843, 0.0196, 0.0, 0.0
2005-01-14T10:32:50.343, 0.0196, 0.0, 0.0
2005-01-14T10:32:57.906, 0.0197, 0.0, 0.0
2005-01-14T10:33:05.406, 0.0197, 0.0, 0.0
2005-01-14T10:33:12.968, 0.0198, 0.0, 0.0
2005-01-14T10:33:20.468, 0.0198, 0.0, 0.0
2005-01-14T10:33:28.031, 0.0198, 0.0, 0.0
2005-01-14T10:33:35.515, 0.0199, 0.0, 0.0
2005-01-14T10:33:43.093, 0.0199, 0.0, 0.0
2005-01-14T10:33:50.578, 0.0199, 0.0, 0.0
2005-01-14T10:33:58.140, 0.0200, 0.0, 0.0
2005-01-14T10:34:05.625, 0.0200, 0.0, 0.0
2005-01-14T10:34:13.203, 0.0201, 0.0, 0.0
2005-01-14T10:34:20.687, 0.0201, 0.0, 0.0
2005-01-14T10:34:35.750, 0.0202, 0.0, 0.0
2005-01-14T10:34:50.687, 0.0203, 0.0, 0.0
2005-01-14T10:34:58.171, 0.0203, 0.0, 0.0
2005-01-14T10:35:05.750, 0.0203, 0.0, 0.0
2005-01-14T10:35:13.234, 0.0204, 0.0, 0.0
2005-01-14T10:35:20.796, 0.0204, 0.0, 0.0
2005-01-14T10:35:28.296, 0.0204, 0.0, 0.0
2005-01-14T10:35:35.859, 0.0205, 0.0, 0.0
2005-01-14T10:35:43.359, 0.0205, 0.0, 0.0
2005-01-14T10:35:50.921, 0.0206, 0.0, 0.0
2005-01-14T10:35:58.406, 0.0206, 0.0, 0.0
2005-01-14T10:36:05.984, 0.0206, 0.0, 0.0
2005-01-14T10:36:13.468, 0.0207, 0.0, 0.0
2005-01-14T10:36:21.046, 0.0207, 0.0, 0.0
2005-01-14T10:36:28.531, 0.0207, 0.0, 0.0
2005-01-14T10:36:43.593, 0.0208, 0.0, 0.0
2005-01-14T10:36:51.156, 0.0209, 0.0, 0.0
2005-01-14T10:36:58.640, 0.0209, 0.0, 0.0
2005-01-14T10:37:06.218, 0.0209, 0.0, 0.0
2005-01-14T10:37:13.703, 0.0210, 0.0, 0.0
2005-01-14T10:37:21.265, 0.0210, 0.0, 0.0
2005-01-14T10:37:28.750, 0.0211, 0.0, 0.0
2005-01-14T10:37:36.328, 0.0211, 0.0, 0.0
2005-01-14T10:37:43.812, 0.0211, 0.0, 0.0
2005-01-14T10:37:51.390, 0.0212, 0.0, 0.0
2005-01-14T10:37:58.859, 0.0212, 0.0, 0.0
2005-01-14T10:38:06.453, 0.0213, 0.0, 0.0
2005-01-14T10:38:13.921, 0.0213, 0.0, 0.0
2005-01-14T10:38:21.515, 0.0213, 0.0, 0.0
2005-01-14T10:38:29.000, 0.0214, 0.0, 0.0
2005-01-14T10:38:44.062, 0.0215, 0.0, 0.0
2005-01-14T10:38:51.625, 0.0215, 0.0, 0.0
2005-01-14T10:38:59.125, 0.0215, 0.0, 0.0
2005-01-14T10:39:06.687, 0.0216, 0.0, 0.0
2005-01-14T10:39:14.171, 0.0216, 0.0, 0.0
2005-01-14T10:39:21.750, 0.0217, 0.0, 0.0
2005-01-14T10:39:29.234, 0.0217, 0.0, 0.0
2005-01-14T10:39:36.796, 0.0217, 0.0, 0.0
2005-01-14T10:39:44.296, 0.0218, 0.0, 0.0
2005-01-14T10:39:51.859, 0.0218, 0.0, 0.0
2005-01-14T10:39:59.359, 0.0218, 0.0, 0.0
2005-01-14T10:40:06.921, 0.0219, 0.0, 0.0
2005-01-14T10:40:14.406, 0.0219, 0.0, 0.0
2005-01-14T10:40:22.000, 0.0220, 0.0, 0.0
2005-01-14T10:40:29.484, 0.0220, 0.0, 0.0
2005-01-14T10:40:44.546, 0.0221, 0.0, 0.0
2005-01-14T10:40:52.109, 0.0221, 0.0, 0.0
2005-01-14T10:40:59.609, 0.0222, 0.0, 0.0
2005-01-14T10:41:07.171, 0.0222, 0.0, 0.0
2005-01-14T10:41:14.656, 0.0223, 0.0, 0.0
2005-01-14T10:41:22.218, 0.0223, 0.0, 0.0
2005-01-14T10:41:29.718, 0.0223, 0.0, 0.0
2005-01-14T10:41:37.281, 0.0224, 0.0, 0.0
2005-01-14T10:41:44.750, 0.0224, 0.0, 0.0
2005-01-14T10:41:52.343, 0.0225, 0.0, 0.0
2005-01-14T10:41:59.828, 0.0225, 0.0, 0.0
2005-01-14T10:42:07.406, 0.0225, 0.0, 0.0
2005-01-14T10:42:14.890, 0.0226, 0.0, 0.0
2005-01-14T10:42:22.453, 0.0226, 0.0, 0.0
2005-01-14T10:42:29.953, 0.0227, 0.0, 0.0
2005-01-14T10:42:45.000, 0.0227, 0.0, 0.0
2005-01-14T10:42:52.578, 0.0228, 0.0, 0.0
2005-01-14T10:43:00.062, 0.0228, 0.0, 0.0
2005-01-14T10:43:07.640, 0.0229, 0.0, 0.0
2005-01-14T10:43:15.125, 0.0229, 0.0, 0.0
2005-01-14T10:43:22.687, 0.0229, 0.0, 0.0
2005-01-14T10:43:30.187, 0.0230, 0.0, 0.0
2005-01-14T10:43:37.750, 0.0230, 0.0, 0.0
2005-01-14T10:43:45.234, 0.0231, 0.0, 0.0
2005-01-14T10:43:52.796, 0.0231, 0.0, 0.0
2005-01-14T10:44:00.296, 0.0231, 0.0, 0.0
2005-01-14T10:44:07.875, 0.0232, 0.0, 0.0
2005-01-14T10:44:15.359, 0.0232, 0.0, 0.0
2005-01-14T10:44:22.921, 0.0233, 0.0, 0.0
2005-01-14T10:44:30.421, 0.0233, 0.0, 0.0
2005-01-14T10:44:45.484, 0.0234, 0.0, 0.0
2005-01-14T10:44:53.046, 0.0234, 0.0, 0.0
2005-01-14T10:45:00.531, 0.0235, 0.0, 0.0
2005-01-14T10:45:08.109, 0.0235, 0.0, 0.0
2005-01-14T10:45:15.593, 0.0236, 0.0, 0.0
2005-01-14T10:45:23.171, 0.0236, 0.0, 0.0
2005-01-14T10:45:30.656, 0.0236, 0.0, 0.0
2005-01-14T10:45:38.218, 0.0237, 0.0, 0.0
2005-01-14T10:45:45.718, 0.0237, 0.0, 0.0
2005-01-14T10:45:53.281, 0.0238, 0.0, 0.0
2005-01-14T10:46:00.750, 0.0238, 0.0, 0.0
2005-01-14T10:46:08.343, 0.0239, 0.0, 0.0
2005-01-14T10:46:15.812, 0.0239, 0.0, 0.0
2005-01-14T10:46:23.406, 0.0239, 0.0, 0.0
2005-01-14T10:46:30.890, 0.0240, 0.0, 0.0
2005-01-14T10:46:45.953, 0.0241, 0.0, 0.0
2005-01-14T10:46:53.515, 0.0242, 0.0, 0.0
2005-01-14T10:47:01.015, 0.0243, 0.0, 0.0
2005-01-14T10:47:08.578, 0.0244, 0.0, 0.0
2005-01-14T10:47:16.062, 0.0244, 0.0, 0.0
2005-01-14T10:47:23.640, 0.0245, 0.0, 0.0
2005-01-14T10:47:31.125, 0.0246, 0.0, 0.0
2005-01-14T10:47:38.687, 0.0247, 0.0, 0.0
2005-01-14T10:47:46.187, 0.0248, 0.0, 0.0
2005-01-14T10:47:53.750, 0.0249, 0.0, 0.0
2005-01-14T10:48:01.234, 0.0250, 0.0, 0.0
2005-01-14T10:48:08.796, 0.0251, 0.0, 0.0
2005-01-14T10:48:16.296, 0.0252, 0.0, 0.0
2005-01-14T10:48:23.859, 0.0253, 0.0, 0.0
2005-01-14T10:48:31.359, 0.0254, 0.0, 0.0
2005-01-14T10:48:46.437, 0.0256, 0.0, 0.0
2005-01-14T10:48:54.000, 0.0257, 0.0, 0.0
2005-01-14T10:49:01.500, 0.0258, 0.0, 0.0
2005-01-14T10:49:09.062, 0.0259, 0.0, 0.0
2005-01-14T10:50:44.093, 0.0271, 0.0, 0.0
2005-01-14T10:50:53.546, 0.0272, 0.0, 0.0
2005-01-14T10:51:02.906, 0.0273, 0.0, 0.0
2005-01-14T10:51:12.343, 0.0275, 0.0, 0.0
2005-01-14T10:51:21.781, 0.0276, 0.0, 0.0
2005-01-14T10:51:31.156, 0.0277, 0.0, 0.0
2005-01-14T10:51:40.593, 0.0278, 0.0, 0.0
2005-01-14T10:51:50.093, 0.0279, 0.0, 0.0
2005-01-14T10:51:59.406, 0.0281, 0.0, 0.0
2005-01-14T10:52:08.828, 0.0282, 0.0, 0.0
2005-01-14T10:53:53.328, 0.0295, 0.0, 0.0
2005-01-14T10:54:02.687, 0.0297, 0.0, 0.0
2005-01-14T10:54:12.125, 0.0298, 0.0, 0.0
2005-01-14T10:54:21.562, 0.0299, 0.0, 0.0
2005-01-14T10:54:30.921, 0.0300, 0.0, 0.0
2005-01-14T10:54:49.734, 0.0303, 0.0, 0.0
2005-01-14T10:54:59.187, 0.0304, 0.0, 0.0
2005-01-14T10:55:08.625, 0.0305, 0.0, 0.0
2005-01-14T10:55:18.000, 0.0306, 0.0, 0.0
2005-01-14T10:55:27.437, 0.0308, 0.0, 0.0
2005-01-14T10:55:36.875, 0.0309, 0.0, 0.0
2005-01-14T10:55:46.250, 0.0310, 0.0, 0.0
2005-01-14T10:55:55.671, 0.0311, 0.0, 0.0
2005-01-14T10:56:05.046, 0.0313, 0.0, 0.0
2005-01-14T10:56:14.484, 0.0314, 0.0, 0.0
2005-01-14T10:56:23.921, 0.0315, 0.0, 0.0
2005-01-14T10:56:33.281, 0.0316, 0.0, 0.0
2005-01-14T10:56:52.171, 0.0319, 0.0, 0.0
2005-01-14T10:57:01.531, 0.0320, 0.0, 0.0
2005-01-14T10:57:10.968, 0.0321, 0.0, 0.0
2005-01-14T10:58:46.921, 0.0334, 0.0, 0.0
2005-01-14T10:58:54.500, 0.0335, 0.0, 0.0
2005-01-14T10:59:01.984, 0.0336, 0.0, 0.0
2005-01-14T10:59:09.562, 0.0337, 0.0, 0.0
2005-01-14T10:59:17.046, 0.0338, 0.0, 0.0
2005-01-14T10:59:24.609, 0.0339, 0.0, 0.0
2005-01-14T10:59:32.109, 0.0340, 0.0, 0.0
2005-01-14T10:59:39.671, 0.0341, 0.0, 0.0
2005-01-14T10:59:47.171, 0.0342, 0.0, 0.0
2005-01-14T10:59:54.750, 0.0343, 0.0, 0.0
2005-01-14T11:00:02.250, 0.0344, 0.0, 0.0
2005-01-14T11:00:09.812, 0.0345, 0.0, 0.0
2005-01-14T11:00:17.296, 0.0346, 0.0, 0.0
2005-01-14T11:00:24.859, 0.0347, 0.0, 0.0
2005-01-14T11:00:32.343, 0.0348, 0.0, 0.0
2005-01-14T11:00:47.406, 0.0350, 0.0, 0.0
2005-01-14T11:00:54.984, 0.0351, 0.0, 0.0
2005-01-14T11:01:02.468, 0.0352, 0.0, 0.0
2005-01-14T11:01:10.031, 0.0353, 0.0, 0.0
2005-01-14T11:01:17.531, 0.0354, 0.0, 0.0
2005-01-14T11:01:25.093, 0.0355, 0.0, 0.0
2005-01-14T11:01:32.578, 0.0356, 0.0, 0.0
2005-01-14T11:01:40.156, 0.0357, 0.0, 0.0
2005-01-14T11:01:47.640, 0.0358, 0.0, 0.0
2005-01-14T11:01:55.218, 0.0359, 0.0, 0.0
2005-01-14T11:02:02.703, 0.0360, 0.0, 0.0
2005-01-14T11:02:25.328, 0.0363, 0.0, 0.0
2005-01-14T11:02:32.812, 0.0364, 0.0, 0.0
2005-01-14T11:02:47.890, 0.0366, 0.0, 0.0
2005-01-14T11:02:55.453, 0.0367, 0.0, 0.0
2005-01-14T11:03:02.953, 0.0368, 0.0, 0.0
2005-01-14T11:03:10.531, 0.0369, 0.0, 0.0
2005-01-14T11:03:18.031, 0.0370, 0.0, 0.0
2005-01-14T11:03:25.593, 0.0371, 0.0, 0.0
2005-01-14T11:03:33.078, 0.0372, 0.0, 0.0
2005-01-14T11:03:40.656, 0.0373, 0.0, 0.0
2005-01-14T11:03:48.140, 0.0374, 0.0, 0.0
2005-01-14T11:03:55.703, 0.0375, 0.0, 0.0
2005-01-14T11:04:03.203, 0.0376, 0.0, 0.0
2005-01-14T11:04:10.750, 0.0377, 0.0, 0.0
2005-01-14T11:04:33.187, 0.0380, 0.0, 0.0
2005-01-14T11:04:40.671, 0.0381, 0.0, 0.0
2005-01-14T11:04:55.734, 0.0383, 0.0, 0.0
2005-01-14T11:05:03.296, 0.0384, 0.0, 0.0
2005-01-14T11:05:10.734, 0.0385, 0.0, 0.0
2005-01-14T11:05:18.343, 0.0386, 0.0, 0.0
2005-01-14T11:05:25.812, 0.0387, 0.0, 0.0
2005-01-14T11:05:33.406, 0.0388, 0.0, 0.0
2005-01-14T11:05:40.906, 0.0389, 0.0, 0.0
2005-01-14T11:05:48.468, 0.0390, 0.0, 0.0
2005-01-14T11:05:55.968, 0.0391, 0.0, 0.0
2005-01-14T11:06:03.531, 0.0392, 0.0, 0.0
2005-01-14T11:06:11.031, 0.0393, 0.0, 0.0
2005-01-14T11:06:18.593, 0.0394, 0.0, 0.0
2005-01-14T11:06:26.078, 0.0395, 0.0, 0.0
2005-01-14T11:06:33.671, 0.0396, 0.0, 0.0
2005-01-14T11:06:41.156, 0.0397, 0.0, 0.0
2005-01-14T11:06:56.218, 0.0399, 0.0, 0.0
2005-01-14T11:07:03.781, 0.0400, 0.0, 0.0
2005-01-14T11:07:11.265, 0.0401, 0.0, 0.0
2005-01-14T11:07:18.828, 0.0402, 0.0, 0.0
2005-01-14T11:07:26.328, 0.0403, 0.0, 0.0
2005-01-14T11:07:33.890, 0.0404, 0.0, 0.0
2005-01-14T11:07:41.390, 0.0405, 0.0, 0.0
2005-01-14T11:07:48.953, 0.0407, 0.0, 0.0
2005-01-14T11:07:56.437, 0.0408, 0.0, 0.0
2005-01-14T11:08:04.015, 0.0409, 0.0, 0.0
2005-01-14T11:08:11.515, 0.0410, 0.0, 0.0
2005-01-14T11:08:19.078, 0.0411, 0.0, 0.0
2005-01-14T11:08:26.562, 0.0412, 0.0, 0.0
2005-01-14T11:08:34.156, 0.0413, 0.0, 0.0
2005-01-14T11:08:41.640, 0.0414, 0.0, 0.0
2005-01-14T11:08:56.703, 0.0416, 0.0, 0.0
2005-01-14T11:09:04.265, 0.0417, 0.0, 0.0
2005-01-14T11:09:11.765, 0.0418, 0.0, 0.0
2005-01-14T11:09:19.328, 0.0419, 0.0, 0.0
2005-01-14T11:09:41.734, 0.0422, 0.0, 0.0
2005-01-14T11:09:49.234, 0.0423, 0.0, 0.0
2005-01-14T11:09:56.750, 0.0424, 0.0, 0.0
2005-01-14T11:10:04.281, 0.0425, 0.0, 0.0
2005-01-14T11:10:11.812, 0.0426, 0.0, 0.0
2005-01-14T11:10:19.343, 0.0427, 0.0, 0.0
2005-01-14T11:10:26.906, 0.0428, 0.0, 0.0
2005-01-14T11:10:34.390, 0.0429, 0.0, 0.0
2005-01-14T11:10:41.968, 0.0430, 0.0, 0.0
2005-01-14T11:10:49.453, 0.0431, 0.0, 0.0
2005-01-14T11:11:04.515, 0.0433, 0.0, 0.0
2005-01-14T11:11:12.062, 0.0434, 0.0, 0.0
2005-01-14T11:11:19.578, 0.0435, 0.0, 0.0
2005-01-14T11:11:27.140, 0.0436, 0.0, 0.0
2005-01-14T11:11:34.625, 0.0438, 0.0, 0.0
2005-01-14T11:11:42.187, 0.0439, 0.0, 0.0
2005-01-14T11:11:49.687, 0.0440, 0.0, 0.0
2005-01-14T11:11:57.265, 0.0441, 0.0, 0.0
2005-01-14T11:12:04.750, 0.0442, 0.0, 0.0
2005-01-14T11:12:12.328, 0.0443, 0.0, 0.0
2005-01-14T11:12:19.812, 0.0444, 0.0, 0.0
2005-01-14T11:12:27.390, 0.0445, 0.0, 0.0
2005-01-14T11:12:34.859, 0.0446, 0.0, 0.0
2005-01-14T11:12:42.453, 0.0447, 0.0, 0.0
2005-01-14T11:12:49.921, 0.0448, 0.0, 0.0
2005-01-14T11:13:12.562, 0.0451, 0.0, 0.0
2005-01-14T11:13:20.046, 0.0452, 0.0, 0.0
2005-01-14T11:13:27.625, 0.0453, 0.0, 0.0
2005-01-14T11:13:35.109, 0.0454, 0.0, 0.0
2005-01-14T11:13:42.671, 0.0455, 0.0, 0.0
2005-01-14T11:13:50.171, 0.0456, 0.0, 0.0
2005-01-14T11:13:57.734, 0.0457, 0.0, 0.0
2005-01-14T11:14:05.234, 0.0458, 0.0, 0.0
2005-01-14T11:14:12.750, 0.0459, 0.0, 0.0
2005-01-14T11:14:20.281, 0.0461, 0.0, 0.0
2005-01-14T11:14:27.812, 0.0462, 0.0, 0.0
2005-01-14T11:14:50.250, 0.0465, 0.0, 0.0
2005-01-14T11:14:57.750, 0.0466, 0.0, 0.0
2005-01-14T11:15:42.921, 0.0472, 0.0, 0.0
2005-01-14T11:15:50.484, 0.0473, 0.0, 0.0
2005-01-14T11:15:57.984, 0.0474, 0.0, 0.0
2005-01-14T11:16:05.546, 0.0475, 0.0, 0.0
2005-01-14T11:16:13.046, 0.0476, 0.0, 0.0
2005-01-14T11:16:20.609, 0.0477, 0.0, 0.0
2005-01-14T11:16:28.109, 0.0478, 0.0, 0.0
2005-01-14T11:16:35.671, 0.0479, 0.0, 0.0
2005-01-14T11:16:43.171, 0.0481, 0.0, 0.0
2005-01-14T11:16:50.734, 0.0482, 0.0, 0.0
2005-01-14T11:16:58.218, 0.0483, 0.0, 0.0
2005-01-14T11:17:13.281, 0.0485, 0.0, 0.0
2005-01-14T11:17:20.843, 0.0486, 0.0, 0.0
2005-01-14T11:17:28.343, 0.0487, 0.0, 0.0
2005-01-14T11:17:35.906, 0.0488, 0.0, 0.0
2005-01-14T11:17:43.406, 0.0489, 0.0, 0.0
2005-01-14T11:17:50.953, 0.0490, 0.0, 0.0
2005-01-14T11:17:58.453, 0.0490, 0.0, 0.0
2005-01-14T11:18:06.015, 0.0490, 0.0, 0.0
2005-01-14T11:18:13.515, 0.0490, 0.0, 0.0
2005-01-14T11:18:21.078, 0.0490, 0.0, 0.0
2005-01-14T11:18:28.562, 0.0490, 0.0, 0.0
2005-01-14T11:18:36.140, 0.0490, 0.0, 0.0
2005-01-14T11:18:43.640, 0.0490, 0.0, 0.0
2005-01-14T11:18:51.218, 0.0490, 0.0, 0.0
2005-01-14T11:18:58.703, 0.0490, 0.0, 0.0
2005-01-14T11:19:13.765, 0.0490, 0.0, 0.0
2005-01-14T11:19:21.328, 0.0490, 0.0, 0.0
2005-01-14T11:19:28.828, 0.0490, 0.0, 0.0
2005-01-14T11:19:58.796, 0.0490, 0.0, 0.0
2005-01-14T11:20:06.296, 0.0490, 0.0, 0.0
2005-01-14T11:20:13.859, 0.0490, 0.0, 0.0
2005-01-14T11:20:21.343, 0.0490, 0.0, 0.0
2005-01-14T11:20:28.921, 0.0490, 0.0, 0.0
2005-01-14T11:20:36.406, 0.0490, 0.0, 0.0
2005-01-14T11:20:43.968, 0.0490, 0.0, 0.0
2005-01-14T11:20:51.468, 0.0490, 0.0, 0.0
2005-01-14T11:20:59.031, 0.0490, 0.0, 0.0
2005-01-14T11:21:06.531, 0.0490, 0.0, 0.0
2005-01-14T11:21:29.156, 0.0490, 0.0, 0.0
2005-01-14T11:21:36.640, 0.0490, 0.0, 0.0
2005-01-14T11:21:44.203, 0.0490, 0.0, 0.0
2005-01-14T11:21:51.703, 0.0490, 0.0, 0.0
2005-01-14T11:21:59.265, 0.0490, 0.0, 0.0
2005-01-14T11:22:06.750, 0.0490, 0.0, 0.0
2005-01-14T11:22:14.343, 0.0490, 0.0, 0.0
2005-01-14T11:22:21.828, 0.0490, 0.0, 0.0
2005-01-14T11:22:29.406, 0.0490, 0.0, 0.0
2005-01-14T11:22:36.890, 0.0490, 0.0, 0.0
2005-01-14T11:22:44.453, 0.0490, 0.0, 0.0
2005-01-14T11:22:51.953, 0.0490, 0.0, 0.0
2005-01-14T11:22:59.515, 0.0490, 0.0, 0.0
2005-01-14T11:23:07.015, 0.0490, 0.0, 0.0
2005-01-14T11:23:29.640, 0.0490, 0.0, 0.0
2005-01-14T11:23:37.125, 0.0490, 0.0, 0.0
2005-01-14T11:23:44.687, 0.0490, 0.0, 0.0
2005-01-14T11:23:52.187, 0.0490, 0.0, 0.0
2005-01-14T11:23:59.750, 0.0490, 0.0, 0.0
2005-01-14T11:24:07.250, 0.0490, 0.0, 0.0
2005-01-14T11:24:14.812, 0.0490, 0.0, 0.0
2005-01-14T11:24:22.296, 0.0490, 0.0, 0.0
2005-01-14T11:24:29.875, 0.0490, 0.0, 0.0
2005-01-14T11:24:37.375, 0.0490, 0.0, 0.0
2005-01-14T11:24:44.921, 0.0490, 0.0, 0.0
2005-01-14T11:25:03.515, 0.0490, 0.0, 0.0
2005-01-14T11:25:11.078, 0.0490, 0.0, 0.0
2005-01-14T11:25:18.578, 0.0490, 0.0, 0.0
2005-01-14T11:25:41.203, 0.0490, 0.0, 0.0
2005-01-14T11:25:48.687, 0.0490, 0.0, 0.0
2005-01-14T11:26:03.765, 0.0490, 0.0, 0.0
2005-01-14T11:26:11.328, 0.0490, 0.0, 0.0
2005-01-14T11:26:18.812, 0.0490, 0.0, 0.0
2005-01-14T11:26:26.390, 0.0490, 0.0, 0.0
2005-01-14T11:26:33.875, 0.0490, 0.0, 0.0
2005-01-14T11:26:41.453, 0.0490, 0.0, 0.0
2005-01-14T11:26:48.937, 0.0490, 0.0, 0.0
2005-01-14T11:26:56.500, 0.0490, 0.0, 0.0
2005-01-14T11:27:04.000, 0.0490, 0.0, 0.0
2005-01-14T11:27:11.562, 0.0490, 0.0, 0.0
2005-01-14T11:27:19.062, 0.0490, 0.0, 0.0
2005-01-14T11:27:41.687, 0.0490, 0.0, 0.0
2005-01-14T11:27:49.171, 0.0490, 0.0, 0.0
2005-01-14T11:27:56.734, 0.0490, 0.0, 0.0
2005-01-14T11:28:04.234, 0.0490, 0.0, 0.0
2005-01-14T11:28:11.796, 0.0490, 0.0, 0.0
2005-01-14T11:28:19.296, 0.0490, 0.0, 0.0
2005-01-14T11:28:26.843, 0.0490, 0.0, 0.0
2005-01-14T11:28:34.343, 0.0490, 0.0, 0.0
2005-01-14T11:28:41.906, 0.0490, 0.0, 0.0
2005-01-14T11:28:49.406, 0.0490, 0.0, 0.0
2005-01-14T11:28:56.968, 0.0490, 0.0, 0.0
2005-01-14T11:29:04.453, 0.0490, 0.0, 0.0
2005-01-14T11:29:12.031, 0.0490, 0.0, 0.0
2005-01-14T11:29:19.515, 0.0490, 0.0, 0.0
2005-01-14T11:29:34.578, 0.0490, 0.0, 0.0
2005-01-14T11:29:42.156, 0.0490, 0.0, 0.0
2005-01-14T11:29:49.640, 0.0490, 0.0, 0.0
2005-01-14T11:29:57.203, 0.0490, 0.0, 0.0
2005-01-14T11:30:12.031, 0.0490, 0.0, 0.0
2005-01-14T11:30:19.593, 0.0490, 0.0, 0.0
2005-01-14T11:30:27.093, 0.0490, 0.0, 0.0
2005-01-14T11:30:34.656, 0.0490, 0.0, 0.0
2005-01-14T11:30:42.156, 0.0490, 0.0, 0.0
2005-01-14T11:30:49.718, 0.0490, 0.0, 0.0
2005-01-14T11:30:57.218, 0.0490, 0.0, 0.0
2005-01-14T11:31:04.750, 0.0490, 0.0, 0.0
2005-01-14T11:31:12.265, 0.0490, 0.0, 0.0
2005-01-14T11:31:19.828, 0.0490, 0.0, 0.0
2005-01-14T11:31:27.328, 0.0490, 0.0, 0.0
2005-01-14T11:31:42.390, 0.0490, 0.0, 0.0
2005-01-14T11:31:49.953, 0.0490, 0.0, 0.0
2005-01-14T11:31:57.453, 0.0490, 0.0, 0.0
2005-01-14T11:32:05.015, 0.0490, 0.0, 0.0
2005-01-14T11:32:12.500, 0.0490, 0.0, 0.0
2005-01-14T11:32:20.062, 0.0490, 0.0, 0.0
2005-01-14T11:32:27.562, 0.0490, 0.0, 0.0
2005-01-14T11:32:35.140, 0.0490, 0.0, 0.0
2005-01-14T11:32:42.625, 0.0490, 0.0, 0.0
2005-01-14T11:32:50.187, 0.0490, 0.0, 0.0
2005-01-14T11:32:57.687, 0.0490, 0.0, 0.0
2005-01-14T11:33:05.250, 0.0490, 0.0, 0.0
2005-01-14T11:33:12.734, 0.0490, 0.0, 0.0
2005-01-14T11:33:20.312, 0.0490, 0.0, 0.0
2005-01-14T11:33:27.796, 0.0490, 0.0, 0.0
2005-01-14T11:33:42.859, 0.0490, 0.0, 0.0
2005-01-14T11:33:50.421, 0.0490, 0.0, 0.0
2005-01-14T11:33:57.921, 0.0490, 0.0, 0.0
2005-01-14T11:34:05.484, 0.0490, 0.0, 0.0
2005-01-14T11:34:12.968, 0.0490, 0.0, 0.0
2005-01-14T11:34:20.531, 0.0490, 0.0, 0.0
2005-01-14T11:34:28.031, 0.0490, 0.0, 0.0
2005-01-14T11:34:35.593, 0.0490, 0.0, 0.0
2005-01-14T11:34:43.093, 0.0490, 0.0, 0.0
2005-01-14T11:34:50.656, 0.0490, 0.0, 0.0
2005-01-14T11:34:58.156, 0.0490, 0.0, 0.0
2005-01-14T11:35:05.718, 0.0490, 0.0, 0.0
2005-01-14T11:35:24.296, 0.0490, 0.0, 0.0
2005-01-14T11:35:31.796, 0.0490, 0.0, 0.0
2005-01-14T11:35:39.359, 0.0490, 0.0, 0.0
2005-01-14T11:35:54.421, 0.0490, 0.0, 0.0
2005-01-14T11:36:01.906, 0.0490, 0.0, 0.0
2005-01-14T11:36:09.484, 0.0490, 0.0, 0.0
2005-01-14T11:36:16.968, 0.0490, 0.0, 0.0
2005-01-14T11:36:24.546, 0.0490, 0.0, 0.0
2005-01-14T11:36:32.031, 0.0490, 0.0, 0.0
2005-01-14T11:36:39.609, 0.0490, 0.0, 0.0
2005-01-14T11:36:47.093, 0.0490, 0.0, 0.0
2005-01-14T11:36:54.656, 0.0490, 0.0, 0.0
2005-01-14T11:37:02.156, 0.0490, 0.0, 0.0
2005-01-14T11:37:09.718, 0.0490, 0.0, 0.0
2005-01-14T11:37:17.218, 0.0490, 0.0, 0.0
2005-01-14T11:37:24.750, 0.0490, 0.0, 0.0
2005-01-14T11:37:32.265, 0.0490, 0.0, 0.0
2005-01-14T11:37:39.812, 0.0490, 0.0, 0.0
2005-01-14T11:37:54.890, 0.0490, 0.0, 0.0
2005-01-14T11:38:02.390, 0.0490, 0.0, 0.0
2005-01-14T11:38:09.953, 0.0490, 0.0, 0.0