   60545; 146797.0; 167.083; 1.00;"FINE1"
   65226; 146527.0; 166.541; 1.00;"FINE1"
   69906; 146260.0; 165.678; 1.00;"FINE1"
   74587; 145996.0; 165.726; 1.00;"FINE1"
   79267; 145734.0; 165.556; 1.00;"FINE1"
   83948; 145474.0; 164.607; 1.00;"FINE1"
   88629; 145216.0; 164.442; 1.00;"FINE1"
   93309; 144959.0; 164.678; 1.00;"FINE1"
   97990; 144704.0; 164.632; 1.00;"FINE1"
  102672; 144450.0; 164.197; 1.00;"FINE1"
  107362; 144196.0; 164.048; 1.00;"FINE1"
  112051; 143944.0; 163.908; 1.00;"FINE1"
  116741; 143693.0; 163.768; 1.00;"FINE1"
  121430; 143443.0; 163.575; 1.00;"FINE1"
  126119; 143194.0; 163.363; 1.00;"FINE1"
  130809; 142946.0; 163.209; 1.00;"FINE1"
  135498; 142699.0; 162.580; 1.00;"FINE1"
  140188; 142453.0; 162.768; 1.00;"FINE1"
  150042; 141939.0; 162.502; 1.00;"FINE1"
  154708; 141697.0; 162.111; 1.00;"FINE1"
  159375; 141456.0; 162.428; 1.00;"FINE1"
  164042; 141215.0; 162.440; 1.00;"FINE1"
  168708; 140976.0; 162.366; 1.00;"FINE1"
  173375; 140737.0; 162.174; 1.00;"FINE1"
  178042; 140499.0; 161.620; 1.00;"FINE1"
  182708; 140262.0; 161.468; 1.00;"FINE1"
  187375; 140025.0; 161.333; 1.00;"FINE1"
  192044; 139789.0; 161.540; 1.00;"FINE1"
  196718; 139554.0; 161.468; 1.00;"FINE1"
  201393; 139320.0; 161.104; 1.00;"FINE1"
  206068; 139086.0; 161.128; 1.00;"FINE1"
  210743; 138853.0; 160.997; 1.00;"FINE1"
  215417; 138621.0; 160.899; 1.00;"FINE1"
  220092; 138389.0; 160.882; 1.00;"FINE1"
  224767; 138159.0; 160.895; 1.00;"FINE1"
  229441; 137929.0; 160.990; 1.00;"FINE1"
  239542; 137434.0; 160.906; 1.00;"FINE1"
  244208; 137207.0; 160.726; 1.00;"FINE1"
  248875; 136980.0; 160.611; 1.00;"FINE1"
  253542; 136754.0; 160.521; 1.00;"FINE1"
  258208; 136529.0; 160.311; 1.00;"FINE1"
  262875; 136304.0; 160.166; 1.00;"FINE1"
  267542; 136080.0; 160.380; 1.00;"FINE1"
  272208; 135857.0; 160.326; 1.00;"FINE1"
  276875; 135635.0; 160.020; 1.00;"FINE1"
  281542; 135413.0; 159.737; 1.00;"FINE1"
  286208; 135192.0; 159.803; 1.00;"FINE1"
  290875; 134971.0; 160.039; 1.00;"FINE1"
  295542; 134751.0; 160.016; 1.00;"FINE1"
  300208; 134532.0; 159.736; 1.00;"FINE1"
  304875; 134313.0; 159.551; 1.00;"FINE1"
  309542; 134096.0; 159.587; 1.00;"FINE1"
  314208; 133878.0; 159.651; 1.00;"FINE1"
  318875; 133662.0; 159.502; 1.00;"FINE1"
  323540; 133446.0; 159.675; 1.00;"FINE1"
  328200; 133231.0; 160.325; 1.00;"FINE1"
  332860; 133016.0; 160.240; 1.00;"FINE1"
  337520; 132802.0; 160.051; 1.00;"FINE1"
  342180; 132589.0; 160.317; 1.00;"FINE1"
  346840; 132376.0; 160.342; 1.00;"FINE1"
  351500; 132163.0; 160.079; 1.00;"FINE1"
  356160; 131951.0; 160.013; 1.00;"FINE1"
  360820; 131740.0; 160.118; 1.00;"FINE1"
  370667; 131296.0; 159.525; 1.00;"FINE1"
  375333; 131086.0; 158.970; 1.00;"FINE1"
  380000; 130877.0; 158.385; 1.00;"FINE1"
  384667; 130669.0; 157.813; 1.00;"FINE1"
  389333; 130461.0; 157.672; 1.00;"FINE1"
  394000; 130255.0; 157.336; 1.00;"FINE1"
  398667; 130049.0; 157.267; 1.00;"FINE1"
  403333; 129843.0; 157.215; 1.00;"FINE1"
  408000; 129639.0; 156.582; 1.00;"FINE1"
  412665; 129435.0; 156.200; 1.00;"FINE1"
  417325; 129232.0; 156.192; 1.00;"FINE1"
  421985; 129030.0; 155.931; 1.00;"FINE1"
  426645; 128829.0; 155.973; 1.00;"FINE1"
  431305; 128628.0; 156.044; 1.00;"FINE1"
  435965; 128428.0; 156.090; 1.00;"FINE1"
  440625; 128228.0; 156.372; 1.00;"FINE1"
  445285; 128029.0; 156.206; 1.00;"FINE1"
  449945; 127831.0; 156.151; 1.00;"FINE1"
  459792; 127413.0; 156.190; 1.00;"FINE1"
  464458; 127216.0; 156.203; 1.00;"FINE1"
  469125; 127019.0; 156.206; 1.00;"FINE1"
  473792; 126823.0; 156.195; 1.00;"FINE1"
  478458; 126628.0; 156.092; 1.00;"FINE1"
  483125; 126432.0; 156.026; 1.00;"FINE1"
  487792; 126238.0; 156.006; 1.00;"FINE1"
  492458; 126044.0; 155.683; 1.00;"FINE1"
  497125; 125850.0; 155.429; 1.00;"FINE1"
  501792; 125657.0; 155.367; 1.00;"FINE1"
  506458; 125465.0; 155.197; 1.00;"FINE1"
  511125; 125273.0; 155.111; 1.00;"FINE1"
  515792; 125082.0; 155.067; 1.00;"FINE1"
  520458; 124891.0; 154.948; 1.00;"FINE1"
  525125; 124701.0; 155.189; 1.00;"FINE1"
  529792; 124511.0; 155.311; 1.00;"FINE1"
  534458; 124322.0; 155.379; 1.00;"FINE1"
  539125; 124133.0; 155.348; 1.00;"FINE1"
  543794; 123945.0; 155.086; 1.00;"FINE1"
  548468; 123756.0; 155.266; 1.00;"FINE1"
  553143; 123569.0; 155.341; 1.00;"FINE1"
  557818; 123382.0; 155.218; 1.00;"FINE1"
  562492; 123195.0; 155.259; 1.00;"FINE1"
  567167; 123008.0; 155.486; 1.00;"FINE1"
  571842; 122823.0; 155.541; 1.00;"FINE1"
  576517; 122637.0; 155.418; 1.00;"FINE1"
  581191; 122452.0; 155.498; 1.00;"FINE1"
  591038; 122064.0; 155.410; 1.00;"FINE1"
  595691; 121881.0; 155.225; 1.00;"FINE1"
  600344; 121698.0; 155.051; 1.00;"FINE1"
  604996; 121517.0; 155.092; 1.00;"FINE1"
  609649; 121335.0; 155.177; 1.00;"FINE1"
  614302; 121154.0; 155.104; 1.00;"FINE1"
  618955; 120974.0; 155.079; 1.00;"FINE1"
  623608; 120794.0; 155.360; 1.00;"FINE1"
  628260; 120614.0; 155.665; 1.00;"FINE1"
  632919; 120435.0; 155.694; 1.00;"FINE1"
  637593; 120255.0; 155.719; 1.00;"FINE1"
  642268; 120075.0; 155.713; 1.00;"FINE1"
  646943; 119896.0; 155.748; 1.00;"FINE1"
  651617; 119718.0; 155.787; 1.00;"FINE1"
  656292; 119539.0; 155.692; 1.00;"FINE1"
  660967; 119362.0; 155.651; 1.00;"FINE1"
  665642; 119184.0; 155.148; 1.00;"FINE1"
  670316; 119007.0; 155.147; 1.00;"FINE1"
  680163; 118636.0; 154.733; 1.00;"FINE1"
  684816; 118462.0; 154.235; 1.00;"FINE1"
  689469; 118288.0; 154.074; 1.00;"FINE1"
  694121; 118114.0; 153.752; 1.00;"FINE1"
  698774; 117941.0; 153.643; 1.00;"FINE1"
  703427; 117769.0; 153.651; 1.00;"FINE1"
  708080; 117597.0; 153.668; 1.00;"FINE1"
  712733; 117425.0; 153.546; 1.00;"FINE1"
  717385; 117254.0; 153.418; 1.00;"FINE1"
  722042; 117084.0; 153.364; 1.00;"FINE1"
  726708; 116913.0; 153.292; 1.00;"FINE1"
  731375; 116743.0; 153.206; 1.00;"FINE1"
  736042; 116573.0; 153.289; 1.00;"FINE1"
  740708; 116404.0; 153.530; 1.00;"FINE1"
  745375; 116234.0; 153.632; 1.00;"FINE1"
  750042; 116066.0; 153.744; 1.00;"FINE1"
  754708; 115897.0; 153.657; 1.00;"FINE1"
  759375; 115729.0; 153.746; 1.00;"FINE1"
  764044; 115562.0; 153.643; 1.00;"FINE1"
  768718; 115394.0; 153.446; 1.00;"FINE1"
  773393; 115227.0; 153.403; 1.00;"FINE1"
  778068; 115060.0; 153.349; 1.00;"FINE1"
  782742; 114894.0; 153.240; 1.00;"FINE1"
  787417; 114728.0; 153.233; 1.00;"FINE1"
  792092; 114563.0; 153.294; 1.00;"FINE1"
  796767; 114397.0; 153.086; 1.00;"FINE1"
  801441; 114233.0; 152.997; 1.00;"FINE1"
  811542; 113878.0; 151.975; 1.00;"FINE1"
  816208; 113715.0; 151.739; 1.00;"FINE1"
  820875; 113553.0; 151.590; 1.00;"FINE1"
  825542; 113391.0; 151.432; 1.00;"FINE1"
  830208; 113229.0; 151.342; 1.00;"FINE1"
  834875; 113068.0; 151.294; 1.00;"FINE1"
  839542; 112907.0; 151.203; 1.00;"FINE1"
  844208; 112747.0; 151.029; 1.00;"FINE1"
  848875; 112587.0; 150.579; 1.00;"FINE1"
  853533; 112428.0; 150.061; 1.00;"FINE1"
  858163; 112271.0; 149.680; 1.00;"FINE1"
  862794; 112114.0; 149.252; 1.00;"FINE1"
  867424; 111957.0; 149.054; 1.00;"FINE1"
  872055; 111801.0; 148.969; 1.00;"FINE1"
  876686; 111645.0; 148.879; 1.00;"FINE1"
  881316; 111490.0; 148.759; 1.00;"FINE1"
  885947; 111335.0; 148.616; 1.00;"FINE1"
  890577; 111181.0; 148.393; 1.00;"FINE1"
  900417; 110855.0; 148.046; 1.00;"FINE1"
  905083; 110689.0; 147.940; 1.00;"FINE1"
  909750; 110501.0; 147.525; 1.00;"FINE1"
  914417; 110294.0; 147.382; 1.00;"FINE1"
  919083; 110069.0; 147.178; 1.00;"FINE1"
  923750; 109828.0; 146.879; 1.00;"FINE1"
  928417; 109571.0; 146.655; 1.00;"FINE1"
  933083; 109300.0; 146.409; 1.00;"FINE1"
  937750; 109018.0; 146.269; 1.00;"FINE1"
  942413; 108726.0; 146.206; 1.00;"FINE1"
  947066; 108424.0; 146.226; 1.00;"FINE1"
  951719; 108115.0; 146.228; 1.00;"FINE1"
  956371; 107799.0; 146.011; 1.00;"FINE1"
  961024; 107477.0; 145.906; 1.00;"FINE1"
  965677; 107150.0; 146.148; 1.00;"FINE1"
  970330; 106819.0; 146.120; 1.00;"FINE1"
  974983; 106484.0; 146.200; 1.00;"FINE1"
  979635; 106147.0; 146.317; 1.00;"FINE1"
  984294; 105807.0; 145.635; 1.00;"FINE1"
  988968; 105464.0; 145.062; 1.00;"FINE1"
  993643; 105121.0; 144.678; 1.00;"FINE1"
  998318; 104777.0; 144.005; 1.00;"FINE1"
 1002992; 104432.0; 143.669; 1.00;"FINE1"
 1007667; 104088.0; 143.327; 1.00;"FINE1"
 1012342; 103745.0; 143.214; 1.00;"FINE1"
 1017017; 103402.0; 143.059; 1.00;"FINE1"
 1021691; 103060.0; 143.208; 1.00;"FINE1"
 1031542; 102342.0; 143.243; 1.00;"FINE1"
 1036208; 102004.0; 143.009; 1.00;"FINE1"
 1040875; 101667.0; 142.975; 1.00;"FINE1"
 1045542; 101331.0; 143.092; 1.00;"FINE1"
 1050208; 100997.0; 143.232; 1.00;"FINE1"
 1054875; 100664.0; 142.958; 1.00;"FINE1"
 1059542; 100333.0; 142.353; 1.00;"FINE1"
 1064208; 100003.0; 141.953; 1.00;"FINE1"
 1068875;  99675.0; 141.681; 1.00;"FINE1"
 1073544;  99348.0; 141.197; 1.00;"FINE1"
 1078218;  99023.0; 141.271; 1.00;"FINE1"
 1082893;  98699.0; 141.403; 1.00;"FINE1"
 1087568;  98378.0; 141.397; 1.00;"FINE1"
 1092243;  98057.0; 141.489; 1.00;"FINE1"
 1096917;  97739.0; 141.591; 1.00;"FINE1"
 1101592;  97422.0; 141.585; 1.00;"FINE1"
 1106267;  97106.0; 141.015; 1.00;"FINE1"
 1110941;  96792.0; 140.786; 1.00;"FINE1"
 1120667;  96145.0; 140.624; 1.00;"FINE1"
 1125333;  95836.0; 140.235; 1.00;"FINE1"
 1130000;  95530.0; 139.881; 1.00;"FINE1"
 1134667;  95224.0; 139.834; 1.00;"FINE1"
 1139333;  94921.0; 139.399; 1.00;"FINE1"
 1144000;  94619.0; 139.144; 1.00;"FINE1"
 1148667;  94319.0; 138.984; 1.00;"FINE1"
 1153333;  94021.0; 138.609; 1.00;"FINE1"
 1158000;  93724.0; 138.149; 1.00;"FINE1"
 1162663;  93429.0; 137.761; 1.00;"FINE1"
 1167316;  93136.0; 137.654; 1.00;"FINE1"
 1171969;  92845.0; 137.655; 1.00;"FINE1"
 1176621;  92556.0; 137.412; 1.00;"FINE1"
 1181274;  92268.0; 137.102; 1.00;"FINE1"
 1185927;  91981.0; 137.130; 1.00;"FINE1"
 1190580;  91696.0; 137.066; 1.00;"FINE1"
 1195233;  91413.0; 137.233; 1.00;"FINE1"
 1199885;  91131.0; 137.391; 1.00;"FINE1"
 1204544;  90850.0; 137.300; 1.00;"FINE1"
 1209218;  90569.0; 136.897; 1.00;"FINE1"
 1213893;  90289.0; 136.856; 1.00;"FINE1"
 1218568;  90011.0; 136.933; 1.00;"FINE1"
 1223243;  89735.0; 136.735; 1.00;"FINE1"
 1227917;  89459.0; 136.292; 1.00;"FINE1"
 1232592;  89185.0; 136.003; 1.00;"FINE1"
 1237267;  88912.0; 135.724; 1.00;"FINE1"
 1241941;  88641.0; 135.643; 1.00;"FINE1"
 1251663;  88081.0; 135.557; 1.00;"FINE1"
 1256316;  87815.0; 135.107; 1.00;"FINE1"
 1260969;  87551.0; 134.485; 1.00;"FINE1"
 1265621;  87288.0; 133.646; 1.00;"FINE1"
 1270274;  87026.0; 132.955; 1.00;"FINE1"
 1274927;  86766.0; 132.972; 1.00;"FINE1"
 1279580;  86507.0; 132.902; 1.00;"FINE1"
 1284233;  86250.0; 132.671; 1.00;"FINE1"
 1288885;  85994.0; 132.572; 1.00;"FINE1"
 1293540;  85739.0; 132.471; 1.00;"FINE1"
 1298200;  85485.0; 132.313; 1.00;"FINE1"
 1302860;  85232.0; 132.196; 1.00;"FINE1"
 1307520;  84981.0; 132.018; 1.00;"FINE1"
 1312180;  84731.0; 131.516; 1.00;"FINE1"
 1316840;  84482.0; 131.005; 1.00;"FINE1"
 1321500;  84234.0; 130.581; 1.00;"FINE1"
 1326160;  83988.0; 130.098; 1.00;"FINE1"
 1330820;  83743.0; 129.896; 1.00;"FINE1"
 1340663;  83229.0; 129.611; 1.00;"FINE1"
 1345316;  82989.0; 129.096; 1.00;"FINE1"
 1349969;  82749.0; 128.624; 1.00;"FINE1"
 1354621;  82511.0; 128.375; 1.00;"FINE1"
 1359274;  82274.0; 128.350; 1.00;"FINE1"
 1363927;  82038.0; 128.062; 1.00;"FINE1"
 1368580;  81804.0; 127.888; 1.00;"FINE1"
 1373233;  81570.0; 127.788; 1.00;"FINE1"
 1377885;  81338.0; 127.772; 1.00;"FINE1"
 1382531;  81107.0; 127.695; 1.00;"FINE1"
 1387156;  80878.0; 127.501; 1.00;"FINE1"
 1391781;  80650.0; 127.256; 1.00;"FINE1"
 1396406;  80423.0; 126.699; 1.00;"FINE1"
 1401031;  80198.0; 125.951; 1.00;"FINE1"
 1405656;  79973.0; 125.745; 1.00;"FINE1"
 1410281;  79750.0; 125.225; 1.00;"FINE1"
 1414906;  79528.0; 125.014; 1.00;"FINE1"
 1419531;  79307.0; 124.908; 1.00;"FINE1"
 1424161;  79087.0; 124.676; 1.00;"FINE1"
 1428807;  78867.0; 124.455; 1.00;"FINE1"
 1433452;  78648.0; 124.098; 1.00;"FINE1"
 1438097;  78431.0; 123.705; 1.00;"FINE1"
 1442743;  78214.0; 123.376; 1.00;"FINE1"
 1447388;  77999.0; 122.932; 1.00;"FINE1"
 1452033;  77785.0; 122.218; 1.00;"FINE1"
 1456678;  77572.0; 121.354; 1.00;"FINE1"
 1461324;  77360.0; 120.768; 1.00;"FINE1"
 1471521;  76899.0; 120.456; 1.00;"FINE1"
 1476104;  76694.0; 120.343; 1.00;"FINE1"
 1480688;  76490.0; 120.234; 1.00;"FINE1"
 1485271;  76286.0; 120.180; 1.00;"FINE1"
 1489854;  76084.0; 119.602; 1.00;"FINE1"
 1494438;  75883.0; 118.574; 1.00;"FINE1"
 1499021;  75682.0; 117.979; 1.00;"FINE1"
 1503604;  75483.0; 117.870; 1.00;"FINE1"
 1508188;  75285.0; 117.902; 1.00;"FINE1"
 1512779;  75088.0; 117.924; 1.00;"FINE1"
 1517395;  74890.0; 117.811; 1.00;"FINE1"
 1522011;  74693.0; 117.385; 1.00;"FINE1"
 1526627;  74498.0; 116.805; 1.00;"FINE1"
 1531243;  74303.0; 116.418; 1.00;"FINE1"
 1535858;  74109.0; 116.106; 1.00;"FINE1"
 1540474;  73916.0; 115.881; 1.00;"FINE1"
 1545090;  73724.0; 115.602; 1.00;"FINE1"
 1549706;  73533.0; 115.162; 1.00;"FINE1"
 1559528;  73130.0; 114.838; 1.00;"FINE1"
 1564139;  72942.0; 114.574; 1.00;"FINE1"
 1568750;  72755.0; 114.104; 1.00;"FINE1"
 1573361;  72569.0; 113.799; 1.00;"FINE1"
 1577972;  72383.0; 113.422; 1.00;"FINE1"
 1582583;  72199.0; 112.860; 1.00;"FINE1"
 1587194;  72016.0; 112.361; 1.00;"FINE1"
 1591806;  71834.0; 112.082; 1.00;"FINE1"
 1596417;  71652.0; 111.698; 1.00;"FINE1"
 1601031;  71472.0; 110.798; 1.00;"FINE1"
 1605656;  71292.0; 110.214; 1.00;"FINE1"
 1610281;  71113.0; 108.975; 0.25;"FINE1"
 1614906;  70935.0; 107.692; 0.25;"FINE1"
 1619531;  70759.0; 107.038; 0.25;"FINE1"
 1624156;  70584.0; 106.466; 0.25;"FINE1"
 1628781;  70411.0; 105.911; 0.25;"FINE1"
 1633406;  70238.0; 105.647; 0.25;"FINE1"
 1638031;  70067.0; 105.404; 0.25;"FINE1"
 1642654;  69896.0; 105.195; 0.25;"FINE1"
 1647270;  69727.0; 104.927; 0.25;"FINE1"
 1651886;  69559.0; 104.651; 0.25;"FINE1"
 1656502;  69391.0; 104.428; 0.25;"FINE1"
 1661118;  69225.0; 103.943; 0.25;"FINE1"
 1665733;  69059.0; 103.094; 0.25;"FINE1"
 1670349;  68894.0; 102.767; 0.25;"FINE1"
 1674965;  68731.0; 102.512; 0.25;"FINE1"
 1679581;  68568.0; 102.345; 0.25;"FINE1"
 1689521;  68220.0; 101.622; 0.25;"FINE1"
 1694104;  68060.0; 101.054; 0.25;"FINE1"
 1698688;  67902.0; 100.070; 0.25;"FINE1"
 1703271;  67745.0;  99.432; 0.25;"FINE1"
 1707854;  67588.0;  98.922; 0.25;"FINE1"
 1712438;  67433.0;  98.368; 0.25;"FINE1"
 1717021;  67278.0;  97.652; 0.25;"FINE1"
 1721604;  67125.0;  96.831; 0.25;"FINE1"
 1726188;  66973.0;  96.328; 0.25;"FINE1"
 1730775;  66821.0;  95.770; 0.25;"FINE1"
 1735377;  66670.0;  95.144; 0.25;"FINE1"
 1739978;  66520.0;  93.823; 0.25;"FINE1"
 1744579;  66372.0;  93.299; 0.25;"FINE1"
 1749180;  66224.0;  92.935; 0.25;"FINE1"
 1753781;  66077.0;  92.560; 0.25;"FINE1"
 1758382;  65932.0;  91.997; 0.25;"FINE1"
 1762984;  65787.0;  91.503; 0.25;"FINE1"
 1767585;  65643.0;  91.212; 0.25;"FINE1"
 1777514;  65335.0;  90.261; 0.25;"FINE1"
 1782069;  65195.0;  89.664; 0.25;"FINE1"
 1786625;  65056.0;  89.061; 0.25;"FINE1"
 1791181;  64918.0;  88.448; 0.25;"FINE1"
 1795736;  64781.0;  87.817; 0.25;"FINE1"
 1800292;  64645.0;  87.261; 0.25;"FINE1"
 1804847;  64510.0;  86.886; 0.25;"FINE1"
 1809403;  64375.0;  86.421; 0.25;"FINE1"
 1813958;  64241.0;  86.023; 0.25;"FINE1"
 1818521;  64108.0;  85.374; 0.25;"FINE1"
 1823104;  63975.0;  84.724; 0.25;"FINE1"
 1827688;  63844.0;  84.193; 0.25;"FINE1"
 1832271;  63713.0;  83.514; 0.25;"FINE1"
 1836854;  63583.0;  82.805; 0.25;"FINE1"
 1841438;  63453.0;  82.456; 0.25;"FINE1"
 1846021;  63325.0;  82.182; 0.25;"FINE1"
 1850604;  63198.0;  81.965; 0.25;"FINE1"
 1855188;  63071.0;  81.478; 0.25;"FINE1"
 1859768;  62945.0;  81.228; 0.25;"FINE1"
 1864340;  62820.0;  80.834; 0.25;"FINE1"
 1868911;  62696.0;  80.623; 0.25;"FINE1"
 1873483;  62572.0;  80.418; 0.25;"FINE1"
 1878055;  62449.0;  80.180; 0.25;"FINE1"
 1882627;  62327.0;  79.889; 0.25;"FINE1"
 1887198;  62205.0;  79.604; 0.25;"FINE1"
 1891770;  62084.0;  79.332; 0.25;"FINE1"
 1896342;  61963.0;  79.034; 0.25;"FINE1"
 1906149;  61707.0;  78.397; 0.25;"FINE1"
 1910746;  61587.0;  78.114; 0.25;"FINE1"
 1915344;  61469.0;  77.881; 0.25;"FINE1"
 1919941;  61351.0;  77.774; 0.25;"FINE1"
 1924538;  61233.0;  77.558; 0.25;"FINE1"
 1929135;  61116.0;  77.354; 0.25;"FINE1"
 1933733;  61000.0;  77.240; 0.25;"FINE1"
 1938330;  60884.0;  77.172; 0.25;"FINE1"
 1942927;  60769.0;  77.121; 0.25;"FINE1"
 1947514;  60654.0;  77.097; 0.25;"FINE1"
 1952071;  60541.0;  76.957; 0.25;"FINE1"
 1956628;  60428.0;  76.675; 0.25;"FINE1"
 1961185;  60315.0;  76.554; 0.25;"FINE1"
 1965743;  60203.0;  76.448; 0.25;"FINE1"
 1970300;  60091.0;  76.158; 0.25;"FINE1"
 1974857;  59980.0;  75.734; 0.25;"FINE1"
 1979414;  59870.0;  75.472; 0.25;"FINE1"
 1983971;  59760.0;  75.380; 0.25;"FINE1"
 1993771;  59525.0;  75.172; 0.25;"FINE1"
 1998354;  59415.0;  75.073; 0.25;"FINE1"
 2002938;  59307.0;  75.080; 0.25;"FINE1"
 2007521;  59198.0;  75.148; 0.25;"FINE1"
 2012104;  59090.0;  75.195; 0.25;"FINE1"
 2016688;  58983.0;  75.134; 0.25;"FINE1"
 2021271;  58875.0;  75.043; 0.25;"FINE1"
 2025854;  58769.0;  74.940; 0.25;"FINE1"
 2030438;  58662.0;  74.856; 0.25;"FINE1"
 2035017;  58556.0;  74.787; 0.25;"FINE1"
 2039587;  58451.0;  74.595; 0.25;"FINE1"
 2044156;  58346.0;  74.376; 0.25;"FINE1"
 2048726;  58241.0;  74.178; 0.25;"FINE1"
 2053295;  58137.0;  74.074; 0.25;"FINE1"
 2057865;  58033.0;  73.976; 0.25;"FINE1"
 2062434;  57930.0;  73.867; 0.25;"FINE1"
 2067003;  57827.0;  73.770; 0.25;"FINE1"
 2071573;  57725.0;  73.741; 0.25;"FINE1"
 2076143;  57622.0;  73.706; 0.25;"FINE1"
 2080715;  57521.0;  73.578; 0.25;"FINE1"
 2085287;  57419.0;  73.466; 0.25;"FINE1"
 2089858;  57318.0;  73.441; 0.25;"FINE1"
 2094430;  57217.0;  73.429; 0.25;"FINE1"
 2099002;  57117.0;  73.321; 0.25;"FINE1"
 2103573;  57017.0;  73.212; 0.25;"FINE1"
 2108145;  56917.0;  73.108; 0.25;"FINE1"
 2112717;  56818.0;  73.022; 0.25;"FINE1"
 2122521;  56606.0;  72.847; 0.25;"FINE1"
 2127104;  56508.0;  72.787; 0.25;"FINE1"
 2131688;  56410.0;  72.784; 0.25;"FINE1"
 2136271;  56312.0;  72.768; 0.25;"FINE1"
 2140854;  56214.0;  72.734; 0.25;"FINE1"
 2145438;  56117.0;  72.664; 0.25;"FINE1"
 2150021;  56020.0;  72.650; 0.25;"FINE1"
 2154604;  55924.0;  72.573; 0.25;"FINE1"
 2159188;  55827.0;  72.572; 0.25;"FINE1"
 2163768;  55732.0;  72.530; 0.25;"FINE1"
 2168340;  55636.0;  72.468; 0.25;"FINE1"
 2172912;  55541.0;  72.409; 0.25;"FINE1"
 2177483;  55446.0;  72.377; 0.25;"FINE1"
 2182055;  55352.0;  72.349; 0.25;"FINE1"
 2186627;  55258.0;  72.279; 0.25;"FINE1"
 2191198;  55164.0;  72.186; 0.25;"FINE1"
 2195770;  55070.0;  72.102; 0.25;"FINE1"
 2200342;  54977.0;  72.028; 0.25;"FINE1"
 2210149;  54778.0;  71.841; 0.25;"FINE1"
 2214747;  54685.0;  71.804; 0.25;"FINE1"
 2219344;  54593.0;  71.814; 0.25;"FINE1"
 2223941;  54501.0;  71.813; 0.25;"FINE1"
 2228538;  54409.0;  71.813; 0.25;"FINE1"
 2233135;  54317.0;  71.775; 0.25;"FINE1"
 2237733;  54226.0;  71.717; 0.25;"FINE1"
 2242330;  54135.0;  71.670; 0.25;"FINE1"
 2246927;  54044.0;  71.636; 0.25;"FINE1"
 2251514;  53954.0;  71.594; 0.25;"FINE1"
 2256069;  53864.0;  71.534; 0.25;"FINE1"
 2260625;  53775.0;  71.480; 0.25;"FINE1"
 2265181;  53686.0;  71.389; 0.25;"FINE1"
 2269736;  53598.0;  71.371; 0.25;"FINE1"
 2274292;  53509.0;  71.411; 0.25;"FINE1"
 2278847;  53421.0;  71.376; 0.25;"FINE1"
 2283403;  53333.0;  71.353; 0.25;"FINE1"
 2287958;  53246.0;  71.321; 0.25;"FINE1"
 2292514;  53159.0;  71.289; 0.25;"FINE1"
 2297071;  53071.0;  71.260; 0.25;"FINE1"
 2301628;  52985.0;  71.221; 0.25;"FINE1"
 2306185;  52898.0;  71.199; 0.25;"FINE1"
 2310742;  52812.0;  71.209; 0.25;"FINE1"
 2315300;  52726.0;  71.188; 0.25;"FINE1"
 2319857;  52640.0;  71.228; 0.25;"FINE1"
 2324414;  52554.0;  71.254; 0.25;"FINE1"
 2328971;  52469.0;  71.260; 0.25;"FINE1"
 2338767;  52286.0;  71.119; 0.25;"FINE1"
 2343337;  52201.0;  71.136; 0.25;"FINE1"
 2347906;  52116.0;  71.140; 0.25;"FINE1"
 2352476;  52032.0;  71.127; 0.25;"FINE1"
 2357045;  51948.0;  71.125; 0.25;"FINE1"
 2361615;  51864.0;  71.140; 0.25;"FINE1"
 2366184;  51780.0;  71.132; 0.25;"FINE1"
 2370753;  51696.0;  71.114; 0.25;"FINE1"
 2375323;  51613.0;  71.079; 0.25;"FINE1"
 2379893;  51530.0;  71.027; 0.25;"FINE1"
 2384465;  51447.0;  71.011; 0.25;"FINE1"
 2389037;  51364.0;  70.945; 0.25;"FINE1"
 2393608;  51282.0;  70.904; 0.25;"FINE1"
 2398180;  51199.0;  70.889; 0.25;"FINE1"
 2402752;  51117.0;  70.894; 0.25;"FINE1"
 2407323;  51036.0;  70.883; 0.25;"FINE1"
 2411895;  50954.0;  70.857; 0.25;"FINE1"
 2416467;  50873.0;  70.849; 0.25;"FINE1"
 2426271;  50699.0;  70.816; 0.25;"FINE1"
 2430854;  50618.0;  70.796; 0.25;"FINE1"
 2435438;  50537.0;  70.786; 0.25;"FINE1"
 2440021;  50457.0;  70.806; 0.25;"FINE1"
 2444604;  50377.0;  70.851; 0.25;"FINE1"
 2449188;  50297.0;  70.838; 0.25;"FINE1"
 2453771;  50217.0;  70.901; 0.25;"FINE1"
 2458354;  50137.0;  70.931; 0.25;"FINE1"
 2462938;  50058.0;  70.911; 0.25;"FINE1"
 2467517;  49978.0;  70.900; 0.25;"FINE1"
 2472087;  49899.0;  70.894; 0.25;"FINE1"
 2476656;  49821.0;  70.869; 0.25;"FINE1"
 2481226;  49742.0;  70.841; 0.25;"FINE1"
 2485795;  49664.0;  70.842; 0.25;"FINE1"
 2490365;  49586.0;  70.851; 0.25;"FINE1"
 2494934;  49508.0;  70.761; 0.25;"FINE1"
 2499503;  49430.0;  70.678; 0.25;"FINE1"
 2504073;  49353.0;  70.625; 0.25;"FINE1"
 2508639;  49276.0;  70.620; 0.25;"FINE1"
 2513196;  49199.0;  70.666; 0.25;"FINE1"
 2517753;  49122.0;  70.645; 0.25;"FINE1"
 2522310;  49046.0;  70.563; 0.25;"FINE1"
 2526867;  48969.0;  70.526; 0.25;"FINE1"
 2531425;  48893.0;  70.521; 0.25;"FINE1"
 2535982;  48817.0;  70.526; 0.25;"FINE1"
 2540539;  48742.0;  70.554; 0.25;"FINE1"
 2545096;  48666.0;  70.496; 0.25;"FINE1"
 2554892;  48505.0;  70.508; 0.25;"FINE1"
 2559462;  48430.0;  70.506; 0.25;"FINE1"
 2564031;  48355.0;  70.517; 0.25;"FINE1"
 2568601;  48280.0;  70.497; 0.25;"FINE1"
 2573170;  48205.0;  70.465; 0.25;"FINE1"
 2577740;  48131.0;  70.471; 0.25;"FINE1"
 2582309;  48057.0;  70.506; 0.25;"FINE1"
 2586878;  47983.0;  70.493; 0.25;"FINE1"
 2591448;  47909.0;  70.441; 0.25;"FINE1"
 2596018;  47835.0;  70.415; 0.25;"FINE1"
 2600590;  47761.0;  70.419; 0.25;"FINE1"
 2605162;  47688.0;  70.429; 0.25;"FINE1"
 2609733;  47615.0;  70.448; 0.25;"FINE1"
 2614305;  47542.0;  70.476; 0.25;"FINE1"
 2618877;  47469.0;  70.522; 0.25;"FINE1"
 2623448;  47396.0;  70.547; 0.25;"FINE1"
 2628020;  47324.0;  70.542; 0.25;"FINE1"
 2632592;  47251.0;  70.480; 0.25;"FINE1"
 2642271;  47098.0;  70.337; 0.25;"FINE1"
 2646854;  47026.0;  70.334; 0.25;"FINE1"
 2651438;  46955.0;  70.357; 0.25;"FINE1"
 2656021;  46883.0;  70.384; 0.25;"FINE1"
 2660604;  46811.0;  70.382; 0.25;"FINE1"
 2665188;  46740.0;  70.409; 0.25;"FINE1"
 2669771;  46669.0;  70.443; 0.25;"FINE1"
 2674354;  46598.0;  70.399; 0.25;"FINE1"
 2678938;  46527.0;  70.367; 0.25;"FINE1"
 2683514;  46456.0;  70.378; 0.25;"FINE1"
 2688069;  46386.0;  70.368; 0.25;"FINE1"
 2692625;  46316.0;  70.390; 0.25;"FINE1"
 2697181;  46246.0;  70.433; 0.25;"FINE1"
 2701736;  46176.0;  70.446; 0.25;"FINE1"
 2706292;  46107.0;  70.452; 0.25;"FINE1"
 2710847;  46038.0;  70.440; 0.25;"FINE1"
 2715403;  45968.0;  70.457; 0.25;"FINE1"
 2719958;  45899.0;  70.457; 0.25;"FINE1"
 2724522;  45830.0;  70.442; 0.25;"FINE1"
 2729108;  45761.0;  70.418; 0.25;"FINE1"
 2733695;  45692.0;  70.361; 0.25;"FINE1"
 2738281;  45623.0;  70.356; 0.25;"FINE1"
 2742867;  45554.0;  70.374; 0.25;"FINE1"
 2747454;  45485.0;  70.381; 0.25;"FINE1"
 2752040;  45417.0;  70.393; 0.25;"FINE1"
 2756627;  45348.0;  70.409; 0.25;"FINE1"
 2761213;  45280.0;  70.424; 0.25;"FINE1"
 2771017;  45135.0;  70.421; 0.25;"FINE1"
 2775587;  45067.0;  70.391; 0.25;"FINE1"
 2780156;  45000.0;  70.352; 0.25;"FINE1"
 2784726;  44933.0;  70.358; 0.25;"FINE1"
 2789295;  44866.0;  70.369; 0.25;"FINE1"
 2793865;  44799.0;  70.381; 0.25;"FINE1"
 2798434;  44732.0;  70.393; 0.25;"FINE1"
 2803003;  44665.0;  70.394; 0.25;"FINE1"
 2807573;  44599.0;  70.417; 0.25;"FINE1"
 2812143;  44532.0;  70.451; 0.25;"FINE1"
 2816715;  44466.0;  70.466; 0.25;"FINE1"
 2821287;  44400.0;  70.472; 0.25;"FINE1"
 2825858;  44334.0;  70.499; 0.25;"FINE1"
 2830430;  44268.0;  70.486; 0.25;"FINE1"
 2835002;  44202.0;  70.469; 0.25;"FINE1"
 2839573;  44137.0;  70.449; 0.25;"FINE1"
 2844145;  44071.0;  70.409; 0.25;"FINE1"
 2848717;  44006.0;  70.420; 0.25;"FINE1"
 2858392;  43868.0;  70.426; 0.25;"FINE1"
 2862962;  43803.0;  70.436; 0.25;"FINE1"
 2867531;  43738.0;  70.454; 0.25;"FINE1"
 2872101;  43674.0;  70.472; 0.25;"FINE1"
 2876670;  43609.0;  70.471; 0.25;"FINE1"
 2881240;  43545.0;  70.442; 0.25;"FINE1"
 2885809;  43480.0;  70.451; 0.25;"FINE1"
 2890378;  43416.0;  70.405; 0.25;"FINE1"
 2894948;  43352.0;  70.422; 0.25;"FINE1"
 2899521;  43288.0;  70.422; 0.25;"FINE1"
 2904104;  43225.0;  70.401; 0.25;"FINE1"
 2908688;  43161.0;  70.411; 0.25;"FINE1"
 2913271;  43097.0;  70.380; 0.25;"FINE1"
 2917854;  43034.0;  70.358; 0.25;"FINE1"
 2922438;  42970.0;  70.360; 0.25;"FINE1"
 2927021;  42907.0;  70.382; 0.25;"FINE1"
 2931604;  42844.0;  70.404; 0.25;"FINE1"
 2936188;  42781.0;  70.405; 0.25;"FINE1"
 2940768;  42718.0;  70.400; 0.25;"FINE1"
 2945340;  42655.0;  70.382; 0.25;"FINE1"
 2949912;  42593.0;  70.351; 0.25;"FINE1"
 2954483;  42530.0;  70.362; 0.25;"FINE1"
 2959055;  42468.0;  70.384; 0.25;"FINE1"
 2963627;  42406.0;  70.392; 0.25;"FINE1"
 2968198;  42344.0;  70.408; 0.25;"FINE1"
 2972770;  42282.0;  70.418; 0.25;"FINE1"
 2977342;  42221.0;  70.407; 0.25;"FINE1"
 2987507;  42084.0;  70.397; 0.25;"FINE1"
 2992035;  42023.0;  70.391; 0.25;"FINE1"
 2996562;  41962.0;  70.407; 0.25;"FINE1"
 3001090;  41902.0;  70.427; 0.25;"FINE1"
 3005618;  41841.0;  70.408; 0.25;"FINE1"
 3010146;  41781.0;  70.426; 0.25;"FINE1"
 3014674;  41721.0;  70.457; 0.25;"FINE1"
 3019201;  41660.0;  70.425; 0.25;"FINE1"
 3023729;  41600.0;  70.430; 0.25;"FINE1"
 3028268;  41540.0;  70.431; 0.25;"FINE1"
 3032840;  41480.0;  70.455; 0.25;"FINE1"
 3037412;  41420.0;  70.463; 0.25;"FINE1"
 3041983;  41360.0;  70.447; 0.25;"FINE1"
 3046555;  41300.0;  70.440; 0.25;"FINE1"
 3051127;  41240.0;  70.413; 0.25;"FINE1"
 3055698;  41180.0;  70.395; 0.25;"FINE1"
 3060270;  41120.0;  70.373; 0.25;"FINE1"
 3064842;  41061.0;  70.373; 0.25;"FINE1"
 3074642;  40934.0;  70.393; 0.25;"FINE1"
 3079212;  40874.0;  70.390; 0.25;"FINE1"
 3083781;  40815.0;  70.391; 0.25;"FINE1"
 3088351;  40756.0;  70.419; 0.25;"FINE1"
 3092920;  40698.0;  70.430; 0.25;"FINE1"
 3097490;  40639.0;  70.441; 0.25;"FINE1"
 3102059;  40580.0;  70.476; 0.25;"FINE1"
 3106628;  40522.0;  70.494; 0.25;"FINE1"
 3111198;  40463.0;  70.484; 0.25;"FINE1"
 3115767;  40405.0;  70.468; 0.25;"FINE1"
 3120337;  40347.0;  70.489; 0.25;"FINE1"
 3124906;  40289.0;  70.501; 0.25;"FINE1"
 3129476;  40231.0;  70.491; 0.25;"FINE1"
 3134045;  40173.0;  70.505; 0.25;"FINE1"
 3138615;  40115.0;  70.508; 0.25;"FINE1"
 3143184;  40057.0;  70.509; 0.25;"FINE1"
 3147753;  40000.0;  70.496; 0.25;"FINE1"
 3152323;  39942.0;  70.502; 0.25;"FINE1"
 3156889;  39885.0;  70.520; 0.25;"FINE1"
 3161446;  39828.0;  70.514; 0.25;"FINE1"
 3166003;  39771.0;  70.541; 0.25;"FINE1"
 3170560;  39714.0;  70.568; 0.25;"FINE1"
 3175117;  39657.0;  70.628; 0.25;"FINE1"
 3179675;  39600.0;  70.633; 0.25;"FINE1"
 3184232;  39544.0;  70.650; 0.25;"FINE1"
 3188789;  39487.0;  70.637; 0.25;"FINE1"
 3193346;  39431.0;  70.618; 0.25;"FINE1"
 3203507;  39305.0;  70.595; 0.25;"FINE1"
 3208035;  39249.0;  70.586; 0.25;"FINE1"
 3212562;  39194.0;  70.583; 0.25;"FINE1"
 3217090;  39138.0;  70.610; 0.25;"FINE1"
 3221618;  39083.0;  70.629; 0.25;"FINE1"
 3226146;  39027.0;  70.581; 0.25;"FINE1"
 3230674;  38972.0;  70.546; 0.25;"FINE1"
 3235201;  38917.0;  70.536; 0.25;"FINE1"
 3239729;  38862.0;  70.531; 0.25;"FINE1"
 3244268;  38807.0;  70.507; 0.25;"FINE1"
 3248840;  38751.0;  70.529; 0.25;"FINE1"
 3253412;  38696.0;  70.551; 0.25;"FINE1"
 3257983;  38641.0;  70.556; 0.25;"FINE1"
 3262555;  38586.0;  70.553; 0.25;"FINE1"
 3267127;  38531.0;  70.565; 0.25;"FINE1"
 3271698;  38476.0;  70.573; 0.25;"FINE1"
 3276270;  38421.0;  70.556; 0.25;"FINE1"
 3280842;  38366.0;  70.544; 0.25;"FINE1"
 3290646;  38249.0;  70.563; 0.25;"FINE1"
 3295229;  38194.0;  70.604; 0.25;"FINE1"
 3299812;  38140.0;  70.626; 0.25;"FINE1"
 3304396;  38085.0;  70.631; 0.25;"FINE1"
 3308979;  38031.0;  70.652; 0.25;"FINE1"
 3313562;  37977.0;  70.666; 0.25;"FINE1"
 3318146;  37923.0;  70.657; 0.25;"FINE1"
 3322729;  37869.0;  70.610; 0.25;"FINE1"
 3327312;  37815.0;  70.571; 0.25;"FINE1"
 3331892;  37761.0;  70.566; 0.25;"FINE1"
 3336462;  37707.0;  70.579; 0.25;"FINE1"
 3341031;  37654.0;  70.621; 0.25;"FINE1"
 3345601;  37600.0;  70.664; 0.25;"FINE1"
 3350170;  37547.0;  70.687; 0.25;"FINE1"
 3354740;  37494.0;  70.705; 0.25;"FINE1"
 3359309;  37441.0;  70.720; 0.25;"FINE1"
 3363878;  37388.0;  70.719; 0.25;"FINE1"
 3368448;  37335.0;  70.714; 0.25;"FINE1"
 3373018;  37282.0;  70.717; 0.25;"FINE1"
 3377590;  37229.0;  70.725; 0.25;"FINE1"
 3382162;  37176.0;  70.719; 0.25;"FINE1"
 3386733;  37123.0;  70.718; 0.25;"FINE1"
 3391305;  37071.0;  70.732; 0.25;"FINE1"
 3395877;  37018.0;  70.745; 0.25;"FINE1"
 3400448;  36966.0;  70.791; 0.25;"FINE1"
 3405020;  36913.0;  70.778; 0.25;"FINE1"
 3409592;  36861.0;  70.805; 0.25;"FINE1"
 3419510;  36748.0;  70.832; 0.25;"FINE1"
 3424052;  36696.0;  70.818; 0.25;"FINE1"
 3428594;  36645.0;  70.797; 0.25;"FINE1"
 3433135;  36593.0;  70.794; 0.25;"FINE1"
 3437677;  36542.0;  70.796; 0.25;"FINE1"
 3442219;  36490.0;  70.800; 0.25;"FINE1"
 3446760;  36439.0;  70.826; 0.25;"FINE1"
 3451302;  36388.0;  70.868; 0.25;"FINE1"
 3455844;  36337.0;  70.898; 0.25;"FINE1"
 3460393;  36286.0;  70.894; 0.25;"FINE1"
 3464965;  36234.0;  70.885; 0.25;"FINE1"
 3469537;  36183.0;  70.875; 0.25;"FINE1"
 3474108;  36132.0;  70.821; 0.25;"FINE1"
 3478680;  36081.0;  70.807; 0.25;"FINE1"
 3483252;  36030.0;  70.820; 0.25;"FINE1"
 3487823;  35979.0;  70.853; 0.25;"FINE1"
 3492395;  35928.0;  70.873; 0.25;"FINE1"
 3496967;  35878.0;  70.882; 0.25;"FINE1"
 3506646;  35771.0;  70.899; 0.25;"FINE1"
 3511229;  35720.0;  70.911; 0.25;"FINE1"
 3515812;  35670.0;  70.926; 0.25;"FINE1"
 3520396;  35619.0;  70.955; 0.25;"FINE1"
 3524979;  35569.0;  70.982; 0.25;"FINE1"
 3529562;  35518.0;  71.012; 0.25;"FINE1"
 3534146;  35468.0;  71.041; 0.25;"FINE1"
 3538729;  35418.0;  71.069; 0.25;"FINE1"
 3543312;  35368.0;  71.095; 0.25;"FINE1"
 3547892;  35318.0;  71.130; 0.25;"FINE1"
 3552462;  35268.0;  71.136; 0.25;"FINE1"
 3557031;  35218.0;  71.113; 0.25;"FINE1"
 3561601;  35169.0;  71.104; 0.25;"FINE1"
 3566170;  35119.0;  71.097; 0.25;"FINE1"
 3570740;  35070.0;  71.116; 0.25;"FINE1"
 3575309;  35020.0;  71.105; 0.25;"FINE1"
 3579878;  34971.0;  71.125; 0.25;"FINE1"
 3584448;  34922.0;  71.156; 0.25;"FINE1"
 3589018;  34872.0;  71.153; 0.25;"FINE1"
 3593590;  34823.0;  71.180; 0.25;"FINE1"
 3598162;  34774.0;  71.185; 0.25;"FINE1"
 3602733;  34725.0;  71.156; 0.25;"FINE1"
 3607305;  34676.0;  71.140; 0.25;"FINE1"
 3611877;  34627.0;  71.156; 0.25;"FINE1"
 3616448;  34579.0;  71.166; 0.25;"FINE1"
 3621020;  34530.0;  71.180; 0.25;"FINE1"
 3625592;  34481.0;  71.217; 0.25;"FINE1"
 3635517;  34376.0;  71.150; 0.25;"FINE1"
 3640087;  34328.0;  71.162; 0.25;"FINE1"
 3644656;  34279.0;  71.178; 0.25;"FINE1"
 3649226;  34231.0;  71.222; 0.25;"FINE1"
 3653795;  34183.0;  71.232; 0.25;"FINE1"
 3658365;  34135.0;  71.267; 0.25;"FINE1"
 3662934;  34087.0;  71.306; 0.25;"FINE1"
 3667503;  34039.0;  71.302; 0.25;"FINE1"
 3672073;  33991.0;  71.264; 0.25;"FINE1"
 3676639;  33943.0;  71.256; 0.25;"FINE1"
 3681196;  33895.0;  71.287; 0.25;"FINE1"
 3685753;  33848.0;  71.301; 0.25;"FINE1"
 3690310;  33800.0;  71.302; 0.25;"FINE1"
 3694867;  33753.0;  71.329; 0.25;"FINE1"
 3699425;  33705.0;  71.381; 0.25;"FINE1"
 3703982;  33658.0;  71.416; 0.25;"FINE1"
 3708539;  33611.0;  71.408; 0.25;"FINE1"
 3713096;  33564.0;  71.394; 0.25;"FINE1"
 3723017;  33461.0;  71.391; 0.25;"FINE1"
 3727587;  33414.0;  71.400; 0.25;"FINE1"
 3732156;  33367.0;  71.408; 0.25;"FINE1"
 3736726;  33320.0;  71.405; 0.25;"FINE1"
 3741295;  33273.0;  71.411; 0.25;"FINE1"
 3745865;  33226.0;  71.421; 0.25;"FINE1"
 3750434;  33180.0;  71.440; 0.25;"FINE1"
 3755003;  33133.0;  71.431; 0.25;"FINE1"
 3759573;  33086.0;  71.463; 0.25;"FINE1"
 3764149;  33040.0;  71.492; 0.25;"FINE1"
 3768747;  32993.0;  71.506; 0.25;"FINE1"
 3773344;  32946.0;  71.507; 0.25;"FINE1"
 3777941;  32900.0;  71.499; 0.25;"FINE1"
 3782538;  32853.0;  71.496; 0.25;"FINE1"
 3787135;  32806.0;  71.502; 0.25;"FINE1"
 3791733;  32760.0;  71.508; 0.25;"FINE1"
 3796330;  32714.0;  71.510; 0.25;"FINE1"
 3800927;  32667.0;  71.516; 0.25;"FINE1"
 3805511;  32621.0;  71.538; 0.25;"FINE1"
 3810053;  32575.0;  71.590; 0.25;"FINE1"
 3814595;  32530.0;  71.613; 0.25;"FINE1"
 3819138;  32484.0;  71.652; 0.25;"FINE1"
 3823680;  32439.0;  71.670; 0.25;"FINE1"
 3828222;  32393.0;  71.677; 0.25;"FINE1"
 3832765;  32348.0;  71.687; 0.25;"FINE1"
 3837307;  32303.0;  71.693; 0.25;"FINE1"
 3841849;  32258.0;  71.693; 0.25;"FINE1"
 3851517;  32161.0;  71.702; 0.25;"FINE1"
 3856087;  32116.0;  71.719; 0.25;"FINE1"
 3860656;  32071.0;  71.757; 0.25;"FINE1"
 3865226;  32026.0;  71.774; 0.25;"FINE1"
 3869795;  31981.0;  71.782; 0.25;"FINE1"
 3874365;  31935.0;  71.775; 0.25;"FINE1"
 3878934;  31890.0;  71.804; 0.25;"FINE1"
 3883503;  31845.0;  71.819; 0.25;"FINE1"
 3888073;  31801.0;  71.840; 0.25;"FINE1"
 3892643;  31756.0;  71.856; 0.25;"FINE1"
 3897215;  31711.0;  71.866; 0.25;"FINE1"
 3901787;  31666.0;  71.887; 0.25;"FINE1"
 3906358;  31621.0;  71.913; 0.25;"FINE1"
 3910930;  31577.0;  71.926; 0.25;"FINE1"
 3915502;  31532.0;  71.952; 0.25;"FINE1"
 3920073;  31488.0;  71.960; 0.25;"FINE1"
 3924645;  31443.0;  71.967; 0.25;"FINE1"
 3929217;  31399.0;  71.963; 0.25;"FINE1"
 3939017;  31304.0;  71.979; 0.25;"FINE1"
 3943587;  31260.0;  71.998; 0.25;"FINE1"
 3948156;  31215.0;  72.022; 0.25;"FINE1"
 3952726;  31171.0;  72.043; 0.25;"FINE1"
 3957295;  31127.0;  72.067; 0.25;"FINE1"
 3961865;  31083.0;  72.084; 0.25;"FINE1"
 3966434;  31039.0;  72.088; 0.25;"FINE1"
 3971003;  30995.0;  72.104; 0.25;"FINE1"
 3975573;  30952.0;  72.113; 0.25;"FINE1"
 3980149;  30908.0;  72.085; 0.25;"FINE1"
 3984747;  30864.0;  72.098; 0.25;"FINE1"
 3989344;  30820.0;  72.091; 0.25;"FINE1"
 3993941;  30776.0;  72.096; 0.25;"FINE1"
 3998538;  30732.0;  72.081; 0.25;"FINE1"
 4003135;  30688.0;  72.084; 0.25;"FINE1"
 4007733;  30645.0;  72.092; 0.25;"FINE1"
 4012330;  30601.0;  72.103; 0.25;"FINE1"
 4016927;  30558.0;  72.135; 0.25;"FINE1"
 4021511;  30514.0;  72.152; 0.25;"FINE1"
 4026053;  30471.0;  72.147; 0.25;"FINE1"
 4030595;  30428.0;  72.181; 0.25;"FINE1"
 4035138;  30386.0;  72.191; 0.25;"FINE1"
 4039680;  30343.0;  72.203; 0.25;"FINE1"
 4044222;  30300.0;  72.216; 0.25;"FINE1"
 4048765;  30257.0;  72.242; 0.25;"FINE1"
 4053307;  30215.0;  72.266; 0.25;"FINE1"
 4057849;  30172.0;  72.276; 0.25;"FINE1"
 4067642;  30081.0;  72.272; 0.25;"FINE1"
 4072212;  30038.0;  72.288; 0.25;"FINE1"
 4076781;  29995.0;  72.312; 0.25;"FINE1"
 4081351;  29953.0;  72.336; 0.25;"FINE1"
 4085920;  29910.0;  72.356; 0.25;"FINE1"
 4090490;  29868.0;  72.372; 0.25;"FINE1"
 4095059;  29825.0;  72.408; 0.25;"FINE1"
 4099628;  29783.0;  72.427; 0.25;"FINE1"
 4104198;  29741.0;  72.432; 0.25;"FINE1"
 4108764;  29698.0;  72.449; 0.25;"FINE1"
 4113321;  29656.0;  72.485; 0.25;"FINE1"
 4117878;  29614.0;  72.526; 0.25;"FINE1"
 4122435;  29572.0;  72.552; 0.25;"FINE1"
 4126993;  29530.0;  72.576; 0.25;"FINE1"
 4131550;  29488.0;  72.602; 0.25;"FINE1"
 4136107;  29446.0;  72.612; 0.25;"FINE1"
 4140664;  29405.0;  72.620; 0.25;"FINE1"
 4145221;  29363.0;  72.641; 0.25;"FINE1"
 4155021;  29273.0;  72.670; 0.25;"FINE1"
 4159604;  29231.0;  72.683; 0.25;"FINE1"
 4164188;  29190.0;  72.682; 0.25;"FINE1"
 4168771;  29148.0;  72.692; 0.25;"FINE1"
 4173354;  29106.0;  72.702; 0.25;"FINE1"
 4177938;  29064.0;  72.727; 0.25;"FINE1"
 4182521;  29023.0;  72.748; 0.25;"FINE1"
 4187104;  28981.0;  72.749; 0.25;"FINE1"
 4191688;  28940.0;  72.732; 0.25;"FINE1"
 4196271;  28898.0;  72.694; 0.25;"FINE1"
 4200854;  28857.0;  72.706; 0.25;"FINE1"
 4205438;  28816.0;  72.728; 0.25;"FINE1"
 4210021;  28774.0;  72.749; 0.25;"FINE1"
 4214604;  28733.0;  72.771; 0.25;"FINE1"
 4219188;  28692.0;  72.789; 0.25;"FINE1"
 4223771;  28651.0;  72.814; 0.25;"FINE1"
 4228354;  28610.0;  72.853; 0.25;"FINE1"
 4232938;  28569.0;  72.893; 0.25;"FINE1"
 4237514;  28528.0;  72.897; 0.25;"FINE1"
 4242071;  28487.0;  72.888; 0.25;"FINE1"
 4246628;  28446.0;  72.900; 0.25;"FINE1"
 4251185;  28406.0;  72.934; 0.25;"FINE1"
 4255743;  28365.0;  72.984; 0.25;"FINE1"
 4260300;  28324.0;  73.001; 0.25;"FINE1"
 4264857;  28284.0;  73.004; 0.25;"FINE1"
 4269414;  28243.0;  72.995; 0.25;"FINE1"
 4273971;  28203.0;  73.015; 0.25;"FINE1"
 4283767;  28116.0;  73.049; 0.25;"FINE1"
 4288337;  28076.0;  73.082; 0.25;"FINE1"
 4292906;  28036.0;  73.086; 0.25;"FINE1"
 4297476;  27995.0;  73.099; 0.25;"FINE1"
 4302045;  27955.0;  73.124; 0.25;"FINE1"
 4306615;  27915.0;  73.125; 0.25;"FINE1"
 4311184;  27875.0;  73.132; 0.25;"FINE1"
 4315753;  27835.0;  73.157; 0.25;"FINE1"
 4320323;  27794.0;  73.183; 0.25;"FINE1"
 4324893;  27754.0;  73.189; 0.25;"FINE1"
 4329465;  27714.0;  73.210; 0.25;"FINE1"
 4334037;  27674.0;  73.243; 0.25;"FINE1"
 4338608;  27635.0;  73.250; 0.25;"FINE1"
 4343180;  27595.0;  73.258; 0.25;"FINE1"
 4347752;  27555.0;  73.266; 0.25;"FINE1"
 4352324;  27515.0;  73.294; 0.25;"FINE1"
 4356895;  27475.0;  73.324; 0.25;"FINE1"
 4361467;  27436.0;  73.339; 0.25;"FINE1"
 4371507;  27349.0;  73.374; 0.25;"FINE1"
 4376035;  27309.0;  73.371; 0.25;"FINE1"
 4380562;  27270.0;  73.368; 0.25;"FINE1"
 4385090;  27231.0;  73.389; 0.25;"FINE1"
 4389618;  27192.0;  73.415; 0.25;"FINE1"
 4394146;  27153.0;  73.418; 0.25;"FINE1"
 4398674;  27114.0;  73.410; 0.25;"FINE1"
 4403201;  27075.0;  73.424; 0.25;"FINE1"
 4407729;  27036.0;  73.434; 0.25;"FINE1"
 4412271;  26997.0;  73.443; 0.25;"FINE1"
 4416854;  26958.0;  73.466; 0.25;"FINE1"
 4421438;  26919.0;  73.502; 0.25;"FINE1"
 4426021;  26880.0;  73.534; 0.25;"FINE1"
 4430604;  26841.0;  73.555; 0.25;"FINE1"
 4435188;  26802.0;  73.562; 0.25;"FINE1"
 4439771;  26762.0;  73.591; 0.25;"FINE1"
 4444354;  26723.0;  73.605; 0.25;"FINE1"
 4448938;  26685.0;  73.615; 0.25;"FINE1"
 4453514;  26646.0;  73.638; 0.25;"FINE1"
 4458071;  26607.0;  73.669; 0.25;"FINE1"
 4462628;  26568.0;  73.689; 0.25;"FINE1"
 4467185;  26530.0;  73.701; 0.25;"FINE1"
 4471743;  26491.0;  73.710; 0.25;"FINE1"
 4476300;  26453.0;  73.714; 0.25;"FINE1"
 4480857;  26414.0;  73.697; 0.25;"FINE1"
 4485414;  26376.0;  73.689; 0.25;"FINE1"
 4489971;  26338.0;  73.741; 0.25;"FINE1"
 4499767;  26255.0;  73.805; 0.25;"FINE1"
 4506622;  26198.0;  73.834; 0.25;"FINE1"
 4515760;  26121.0;  73.883; 0.25;"FINE1"
 4524899;  26045.0;  73.913; 0.25;"FINE1"
 4534038;  25968.0;  73.916; 0.25;"FINE1"
 4538600;  25930.0;  73.926; 0.25;"FINE1"
 4547751;  25854.0;  73.956; 0.25;"FINE1"
 4556894;  25779.0;  73.993; 0.25;"FINE1"
 4566038;  25703.0;  74.027; 0.25;"FINE1"
 4575181;  25627.0;  74.063; 0.25;"FINE1"
 4587628;  25525.0;  74.127; 0.25;"FINE1"
 4592142;  25487.0;  74.150; 0.25;"FINE1"
 4596656;  25450.0;  74.183; 0.25;"FINE1"
 4601170;  25413.0;  74.213; 0.25;"FINE1"
 4605684;  25376.0;  74.238; 0.25;"FINE1"
 4610198;  25339.0;  74.249; 0.25;"FINE1"
 4614712;  25302.0;  74.249; 0.25;"FINE1"
 4619226;  25265.0;  74.276; 0.25;"FINE1"
 4623740;  25228.0;  74.300; 0.25;"FINE1"
 4628271;  25191.0;  74.319; 0.25;"FINE1"
 4632854;  25154.0;  74.326; 0.25;"FINE1"
 4637438;  25117.0;  74.341; 0.25;"FINE1"
 4642021;  25079.0;  74.368; 0.25;"FINE1"
 4646604;  25042.0;  74.389; 0.25;"FINE1"
 4651188;  25005.0;  74.416; 0.25;"FINE1"
 4655771;  24968.0;  74.456; 0.25;"FINE1"
 4660354;  24931.0;  74.481; 0.25;"FINE1"
 4664938;  24893.0;  74.502; 0.25;"FINE1"
 4669514;  24856.0;  74.531; 0.25;"FINE1"
 4674071;  24820.0;  74.556; 0.25;"FINE1"
 4678628;  24783.0;  74.582; 0.25;"FINE1"
 4683185;  24746.0;  74.600; 0.25;"FINE1"
 4687743;  24709.0;  74.627; 0.25;"FINE1"
 4692300;  24672.0;  74.653; 0.25;"FINE1"
 4696857;  24636.0;  74.675; 0.25;"FINE1"
 4701414;  24599.0;  74.704; 0.25;"FINE1"
 4705971;  24563.0;  74.717; 0.25;"FINE1"
 4715767;  24484.0;  74.735; 0.25;"FINE1"
 4720337;  24447.0;  74.764; 0.25;"FINE1"
 4724906;  24411.0;  74.781; 0.25;"FINE1"
 4729476;  24374.0;  74.799; 0.25;"FINE1"
 4734045;  24338.0;  74.811; 0.25;"FINE1"
 4738615;  24301.0;  74.817; 0.25;"FINE1"
 4743184;  24265.0;  74.842; 0.25;"FINE1"
 4747753;  24229.0;  74.880; 0.25;"FINE1"
 4752323;  24192.0;  74.898; 0.25;"FINE1"
 4756893;  24156.0;  74.912; 0.25;"FINE1"
 4761465;  24120.0;  74.947; 0.25;"FINE1"
 4766037;  24083.0;  74.957; 0.25;"FINE1"
 4770608;  24047.0;  74.953; 0.25;"FINE1"
 4775180;  24011.0;  74.984; 0.25;"FINE1"
 4779752;  23975.0;  75.011; 0.25;"FINE1"
 4784324;  23939.0;  75.038; 0.25;"FINE1"
 4788895;  23903.0;  75.052; 0.25;"FINE1"
 4793467;  23866.0;  75.072; 0.25;"FINE1"
 4803507;  23787.0;  75.115; 0.25;"FINE1"
 4808035;  23752.0;  75.119; 0.25;"FINE1"
 4812562;  23716.0;  75.130; 0.25;"FINE1"
 4817090;  23681.0;  75.151; 0.25;"FINE1"
 4821618;  23645.0;  75.175; 0.25;"FINE1"
 4826146;  23610.0;  75.204; 0.25;"FINE1"
 4830674;  23574.0;  75.227; 0.25;"FINE1"
 4835201;  23539.0;  75.251; 0.25;"FINE1"
 4839729;  23504.0;  75.280; 0.25;"FINE1"
 4844271;  23468.0;  75.293; 0.25;"FINE1"
 4848854;  23432.0;  75.298; 0.25;"FINE1"
 4853438;  23397.0;  75.289; 0.25;"FINE1"
 4858021;  23361.0;  75.298; 0.25;"FINE1"
 4862604;  23325.0;  75.301; 0.25;"FINE1"
 4867188;  23290.0;  75.294; 0.25;"FINE1"
 4871771;  23254.0;  75.303; 0.25;"FINE1"
 4876354;  23219.0;  75.306; 0.25;"FINE1"
 4880938;  23183.0;  75.294; 0.25;"FINE1"
 4885514;  23148.0;  75.307; 0.25;"FINE1"
 4890071;  23113.0;  75.303; 0.25;"FINE1"
 4894628;  23077.0;  75.322; 0.25;"FINE1"
 4899185;  23042.0;  75.351; 0.25;"FINE1"
 4903743;  23007.0;  75.357; 0.25;"FINE1"
 4908300;  22972.0;  75.377; 0.25;"FINE1"
 4912857;  22937.0;  75.406; 0.25;"FINE1"
 4917414;  22902.0;  75.441; 0.25;"FINE1"
 4921971;  22867.0;  75.471; 0.25;"FINE1"
 4931642;  22793.0;  75.509; 0.25;"FINE1"
 4936212;  22758.0;  75.529; 0.25;"FINE1"
 4940781;  22723.0;  75.552; 0.25;"FINE1"
 4945351;  22688.0;  75.585; 0.25;"FINE1"
 4949920;  22653.0;  75.609; 0.25;"FINE1"
 4954490;  22618.0;  75.632; 0.25;"FINE1"
 4959059;  22584.0;  75.661; 0.25;"FINE1"
 4963628;  22549.0;  75.679; 0.25;"FINE1"
 4968198;  22514.0;  75.705; 0.25;"FINE1"
 4972772;  22479.0;  75.743; 0.25;"FINE1"
 4977358;  22444.0;  75.774; 0.25;"FINE1"
 4981945;  22410.0;  75.799; 0.25;"FINE1"
 4986531;  22375.0;  75.828; 0.25;"FINE1"
 4991118;  22340.0;  75.857; 0.25;"FINE1"
 4995704;  22305.0;  75.848; 0.25;"FINE1"
 5000290;  22271.0;  75.862; 0.25;"FINE1"
 5004877;  22236.0;  75.886; 0.25;"FINE1"
 5009463;  22201.0;  75.895; 0.25;"FINE1"
 5019507;  22126.0;  75.927; 0.25;"FINE1"
 5024035;  22092.0;  75.965; 0.25;"FINE1"
 5028562;  22058.0;  75.991; 0.25;"FINE1"
 5033090;  22024.0;  76.019; 0.25;"FINE1"
 5037618;  21990.0;  76.045; 0.25;"FINE1"
 5042146;  21956.0;  76.070; 0.25;"FINE1"
 5046674;  21922.0;  76.097; 0.25;"FINE1"
 5051201;  21888.0;  76.125; 0.25;"FINE1"
 5055729;  21854.0;  76.150; 0.25;"FINE1"
 5060271;  21820.0;  76.164; 0.25;"FINE1"
 5064854;  21786.0;  76.189; 0.25;"FINE1"
 5069438;  21752.0;  76.209; 0.25;"FINE1"
 5074021;  21717.0;  76.228; 0.25;"FINE1"
 5078604;  21683.0;  76.251; 0.25;"FINE1"
 5083188;  21649.0;  76.278; 0.25;"FINE1"
 5087771;  21615.0;  76.300; 0.25;"FINE1"
 5092354;  21581.0;  76.320; 0.25;"FINE1"
 5096938;  21547.0;  76.347; 0.25;"FINE1"
 5101514;  21513.0;  76.371; 0.25;"FINE1"
 5106071;  21479.0;  76.399; 0.25;"FINE1"
 5110628;  21446.0;  76.429; 0.25;"FINE1"
 5115185;  21412.0;  76.436; 0.25;"FINE1"
 5119743;  21378.0;  76.457; 0.25;"FINE1"
 5124300;  21344.0;  76.496; 0.25;"FINE1"
 5128857;  21311.0;  76.517; 0.25;"FINE1"
 5133414;  21277.0;  76.518; 0.25;"FINE1"
 5137971;  21244.0;  76.523; 0.25;"FINE1"
 5147764;  21172.0;  76.540; 0.25;"FINE1"
 5152319;  21138.0;  76.543; 0.25;"FINE1"
 5156875;  21105.0;  76.555; 0.25;"FINE1"
 5161431;  21071.0;  76.571; 0.25;"FINE1"
 5165986;  21038.0;  76.590; 0.25;"FINE1"
 5170542;  21005.0;  76.601; 0.25;"FINE1"
 5175097;  20971.0;  76.603; 0.25;"FINE1"
 5179653;  20938.0;  76.629; 0.25;"FINE1"
 5184208;  20905.0;  76.638; 0.25;"FINE1"
 5188772;  20871.0;  76.662; 0.25;"FINE1"
 5193358;  20838.0;  76.681; 0.25;"FINE1"
 5197945;  20805.0;  76.695; 0.25;"FINE1"
 5202531;  20771.0;  76.699; 0.25;"FINE1"
 5207118;  20738.0;  76.709; 0.25;"FINE1"
 5211704;  20705.0;  76.732; 0.25;"FINE1"
 5216290;  20671.0;  76.770; 0.25;"FINE1"
 5220877;  20638.0;  76.800; 0.25;"FINE1"
 5225463;  20605.0;  76.809; 0.25;"FINE1"
 5235507;  20532.0;  76.864; 0.25;"FINE1"
 5240035;  20499.0;  76.884; 0.25;"FINE1"
 5244562;  20467.0;  76.925; 0.25;"FINE1"
 5249090;  20434.0;  76.939; 0.25;"FINE1"
 5253618;  20401.0;  76.959; 0.25;"FINE1"
 5258146;  20369.0;  76.993; 0.25;"FINE1"
 5262674;  20336.0;  77.016; 0.25;"FINE1"
 5267201;  20304.0;  77.031; 0.25;"FINE1"
 5271729;  20271.0;  77.053; 0.25;"FINE1"
 5276271;  20238.0;  77.081; 0.25;"FINE1"
 5280854;  20206.0;  77.094; 0.25;"FINE1"
 5285438;  20173.0;  77.115; 0.25;"FINE1"
 5290021;  20140.0;  77.136; 0.25;"FINE1"
 5294604;  20107.0;  77.138; 0.25;"FINE1"
 5299188;  20074.0;  77.150; 0.25;"FINE1"
 5303771;  20042.0;  77.160; 0.25;"FINE1"
 5308354;  20009.0;  77.175; 0.25;"FINE1"
 5312938;  19976.0;  77.185; 0.25;"FINE1"
 5317514;  19944.0;  77.188; 0.25;"FINE1"
 5322071;  19911.0;  77.203; 0.25;"FINE1"
 5326628;  19879.0;  77.224; 0.25;"FINE1"
 5331185;  19846.0;  77.240; 0.25;"FINE1"
 5335743;  19814.0;  77.264; 0.25;"FINE1"
 5340300;  19782.0;  77.282; 0.25;"FINE1"
 5344857;  19749.0;  77.300; 0.25;"FINE1"
 5349414;  19717.0;  77.333; 0.25;"FINE1"
 5353971;  19685.0;  77.341; 0.25;"FINE1"
 5363764;  19616.0;  77.362; 0.25;"FINE1"
 5368319;  19584.0;  77.387; 0.25;"FINE1"
 5372875;  19551.0;  77.409; 0.25;"FINE1"
 5377431;  19519.0;  77.417; 0.25;"FINE1"
 5381986;  19487.0;  77.424; 0.25;"FINE1"
 5386542;  19455.0;  77.443; 0.25;"FINE1"
 5391097;  19423.0;  77.448; 0.25;"FINE1"
 5395653;  19391.0;  77.464; 0.25;"FINE1"
 5400208;  19359.0;  77.471; 0.25;"FINE1"
 5404772;  19327.0;  77.517; 0.25;"FINE1"
 5409358;  19295.0;  77.524; 0.25;"FINE1"
 5413945;  19263.0;  77.532; 0.25;"FINE1"
 5418531;  19231.0;  77.538; 0.25;"FINE1"
 5423118;  19199.0;  77.559; 0.25;"FINE1"
 5427704;  19167.0;  77.588; 0.25;"FINE1"
 5432290;  19135.0;  77.611; 0.25;"FINE1"
 5436877;  19103.0;  77.639; 0.25;"FINE1"
 5441463;  19071.0;  77.673; 0.25;"FINE1"
 5451507;  19001.0;  77.737; 0.25;"FINE1"
 5456035;  18969.0;  77.755; 0.25;"FINE1"
 5460562;  18938.0;  77.744; 0.25;"FINE1"
 5465090;  18907.0;  77.750; 0.25;"FINE1"
 5469618;  18875.0;  77.759; 0.25;"FINE1"
 5474146;  18844.0;  77.792; 0.25;"FINE1"
 5478674;  18813.0;  77.813; 0.25;"FINE1"
 5483201;  18781.0;  77.844; 0.25;"FINE1"
 5487729;  18750.0;  77.870; 0.25;"FINE1"
 5492271;  18719.0;  77.892; 0.25;"FINE1"
 5496854;  18687.0;  77.919; 0.25;"FINE1"
 5501438;  18655.0;  77.946; 0.25;"FINE1"
 5506021;  18624.0;  77.962; 0.25;"FINE1"
 5510604;  18592.0;  77.980; 0.25;"FINE1"
 5515188;  18561.0;  78.005; 0.25;"FINE1"
 5519771;  18529.0;  78.031; 0.25;"FINE1"
 5524354;  18498.0;  78.045; 0.25;"FINE1"
 5528938;  18466.0;  78.060; 0.25;"FINE1"
 5533514;  18435.0;  78.077; 0.25;"FINE1"
 5538071;  18404.0;  78.100; 0.25;"FINE1"
 5542628;  18372.0;  78.137; 0.25;"FINE1"
 5547185;  18341.0;  78.169; 0.25;"FINE1"
 5551743;  18310.0;  78.182; 0.25;"FINE1"
 5556300;  18279.0;  78.199; 0.25;"FINE1"
 5560857;  18248.0;  78.215; 0.25;"FINE1"
 5565414;  18217.0;  78.247; 0.25;"FINE1"
 5569971;  18186.0;  78.264; 0.25;"FINE1"
 5579767;  18119.0;  78.313; 0.25;"FINE1"
 5584337;  18088.0;  78.358; 0.25;"FINE1"
 5588906;  18057.0;  78.371; 0.25;"FINE1"
 5593476;  18026.0;  78.394; 0.25;"FINE1"
 5598045;  17995.0;  78.412; 0.25;"FINE1"
 5602615;  17964.0;  78.421; 0.25;"FINE1"
 5607184;  17933.0;  78.435; 0.25;"FINE1"
 5611753;  17902.0;  78.454; 0.25;"FINE1"
 5616323;  17871.0;  78.476; 0.25;"FINE1"
 5620893;  17840.0;  78.496; 0.25;"FINE1"
 5625465;  17809.0;  78.509; 0.25;"FINE1"
 5630037;  17778.0;  78.544; 0.25;"FINE1"
 5634608;  17748.0;  78.556; 0.25;"FINE1"
 5639180;  17717.0;  78.575; 0.25;"FINE1"
 5643752;  17686.0;  78.601; 0.25;"FINE1"
 5648324;  17655.0;  78.626; 0.25;"FINE1"
 5652895;  17624.0;  78.651; 0.25;"FINE1"
 5657467;  17594.0;  78.673; 0.25;"FINE1"
 5667507;  17526.0;  78.725; 0.25;"FINE1"
 5672035;  17496.0;  78.749; 0.25;"FINE1"
 5676562;  17466.0;  78.757; 0.25;"FINE1"
 5681090;  17435.0;  78.778; 0.25;"FINE1"
 5685618;  17405.0;  78.798; 0.25;"FINE1"
 5690146;  17375.0;  78.813; 0.25;"FINE1"
 5694674;  17345.0;  78.828; 0.25;"FINE1"
 5699201;  17314.0;  78.842; 0.25;"FINE1"
 5703729;  17284.0;  78.867; 0.25;"FINE1"
 5708271;  17254.0;  78.892; 0.25;"FINE1"
 5712854;  17223.0;  78.910; 0.25;"FINE1"
 5717438;  17193.0;  78.933; 0.25;"FINE1"
 5722021;  17162.0;  78.955; 0.25;"FINE1"
 5726604;  17132.0;  78.963; 0.25;"FINE1"
 5731188;  17102.0;  78.983; 0.25;"FINE1"
 5735771;  17071.0;  78.988; 0.25;"FINE1"
 5740354;  17041.0;  78.993; 0.25;"FINE1"
 5744938;  17010.0;  79.007; 0.25;"FINE1"
 5749514;  16980.0;  79.013; 0.25;"FINE1"
 5754071;  16950.0;  79.036; 0.25;"FINE1"
 5758628;  16920.0;  79.061; 0.25;"FINE1"
 5763185;  16890.0;  79.076; 0.25;"FINE1"
 5767743;  16860.0;  79.096; 0.25;"FINE1"
 5772300;  16830.0;  79.116; 0.25;"FINE1"
 5776857;  16800.0;  79.137; 0.25;"FINE1"
 5781414;  16770.0;  79.164; 0.25;"FINE1"
 5785971;  16740.0;  79.190; 0.25;"FINE1"
 5795771;  16675.0;  79.223; 0.25;"FINE1"
 5800354;  16645.0;  79.244; 0.25;"FINE1"
 5804938;  16615.0;  79.276; 0.25;"FINE1"
 5809521;  16585.0;  79.297; 0.25;"FINE1"
 5814104;  16555.0;  79.316; 0.25;"FINE1"
 5818688;  16525.0;  79.341; 0.25;"FINE1"
 5823271;  16495.0;  79.377; 0.25;"FINE1"
 5827854;  16465.0;  79.398; 0.25;"FINE1"
 5832438;  16435.0;  79.409; 0.25;"FINE1"
 5837018;  16405.0;  79.425; 0.25;"FINE1"
 5841590;  16375.0;  79.448; 0.25;"FINE1"
 5846162;  16346.0;  79.467; 0.25;"FINE1"
 5850733;  16316.0;  79.475; 0.25;"FINE1"
 5855305;  16286.0;  79.496; 0.25;"FINE1"
 5859877;  16256.0;  79.522; 0.25;"FINE1"
 5864449;  16227.0;  79.549; 0.25;"FINE1"
 5869020;  16197.0;  79.567; 0.25;"FINE1"
 5873592;  16167.0;  79.591; 0.25;"FINE1"
 5883510;  16103.0;  79.618; 0.25;"FINE1"
 5888052;  16074.0;  79.640; 0.25;"FINE1"
 5892594;  16044.0;  79.665; 0.25;"FINE1"
 5897135;  16015.0;  79.675; 0.25;"FINE1"
 5901677;  15986.0;  79.678; 0.25;"FINE1"
 5906219;  15956.0;  79.688; 0.25;"FINE1"
 5910760;  15927.0;  79.710; 0.25;"FINE1"
 5915302;  15898.0;  79.718; 0.25;"FINE1"
 5919844;  15868.0;  79.738; 0.25;"FINE1"
 5924392;  15839.0;  79.744; 0.25;"FINE1"
 5928962;  15810.0;  79.764; 0.25;"FINE1"
 5933531;  15780.0;  79.775; 0.25;"FINE1"
 5938101;  15751.0;  79.799; 0.25;"FINE1"
 5942670;  15722.0;  79.824; 0.25;"FINE1"
 5947240;  15692.0;  79.844; 0.25;"FINE1"
 5951809;  15663.0;  79.867; 0.25;"FINE1"
 5956378;  15634.0;  79.895; 0.25;"FINE1"
 5960948;  15605.0;  79.919; 0.25;"FINE1"
 5965518;  15575.0;  79.920; 0.25;"FINE1"
 5970090;  15546.0;  79.968; 0.25;"FINE1"
 5974662;  15517.0;  79.987; 0.25;"FINE1"
 5979233;  15488.0;  80.000; 0.25;"FINE1"
 5983805;  15459.0;  80.022; 0.25;"FINE1"
 5988377;  15430.0;  80.040; 0.25;"FINE1"
 5992949;  15400.0;  80.049; 0.25;"FINE1"
 5997520;  15371.0;  80.061; 0.25;"FINE1"
 6002092;  15342.0;  80.082; 0.25;"FINE1"
 6012028;  15279.0;  80.133; 0.25;"FINE1"
 6016639;  15250.0;  80.158; 0.25;"FINE1"
 6021250;  15221.0;  80.175; 0.25;"FINE1"
 6025861;  15191.0;  80.183; 0.25;"FINE1"
 6030472;  15162.0;  80.189; 0.25;"FINE1"
 6035083;  15133.0;  80.219; 0.25;"FINE1"
 6039694;  15104.0;  80.235; 0.25;"FINE1"
 6044306;  15075.0;  80.261; 0.25;"FINE1"
 6048917;  15046.0;  80.308; 0.25;"FINE1"
 6053507;  15017.0;  80.323; 0.25;"FINE1"
 6058035;  14988.0;  80.345; 0.25;"FINE1"
 6062562;  14959.0;  80.377; 0.25;"FINE1"
 6067090;  14931.0;  80.401; 0.25;"FINE1"
 6071618;  14902.0;  80.415; 0.25;"FINE1"
 6076145;  14874.0;  80.434; 0.25;"FINE1"
 6080673;  14845.0;  80.468; 0.25;"FINE1"
 6085200;  14817.0;  80.492; 0.25;"FINE1"
 6089728;  14789.0;  80.484; 0.25;"FINE1"
 6099514;  14727.0;  80.545; 0.25;"FINE1"
 6104069;  14699.0;  80.570; 0.25;"FINE1"
 6108625;  14670.0;  80.594; 0.25;"FINE1"
 6113181;  14642.0;  80.611; 0.25;"FINE1"
 6117736;  14613.0;  80.623; 0.25;"FINE1"
 6122292;  14585.0;  80.638; 0.25;"FINE1"
 6126847;  14556.0;  80.660; 0.25;"FINE1"
 6131403;  14528.0;  80.677; 0.25;"FINE1"
 6135958;  14499.0;  80.687; 0.25;"FINE1"
 6140517;  14471.0;  80.692; 0.25;"FINE1"
 6145087;  14443.0;  80.712; 0.25;"FINE1"
 6149656;  14414.0;  80.737; 0.25;"FINE1"
 6154226;  14386.0;  80.766; 0.25;"FINE1"
 6158795;  14357.0;  80.790; 0.25;"FINE1"
 6163365;  14329.0;  80.809; 0.25;"FINE1"
 6167934;  14301.0;  80.834; 0.25;"FINE1"
 6172503;  14272.0;  80.856; 0.25;"FINE1"
 6177073;  14244.0;  80.883; 0.25;"FINE1"
 6181643;  14216.0;  80.916; 0.25;"FINE1"
 6186215;  14187.0;  80.937; 0.25;"FINE1"
 6190787;  14159.0;  80.966; 0.25;"FINE1"
 6195358;  14131.0;  80.987; 0.25;"FINE1"
 6199930;  14103.0;  80.998; 0.25;"FINE1"
 6204502;  14074.0;  81.017; 0.25;"FINE1"
 6209074;  14046.0;  81.019; 0.25;"FINE1"
 6213645;  14018.0;  81.022; 0.25;"FINE1"
 6218217;  13990.0;  81.032; 0.25;"FINE1"
 6228028;  13929.0;  81.064; 0.25;"FINE1"
 6232639;  13901.0;  81.081; 0.25;"FINE1"
 6237250;  13873.0;  81.096; 0.25;"FINE1"
 6241861;  13844.0;  81.107; 0.25;"FINE1"
 6246472;  13816.0;  81.122; 0.25;"FINE1"
 6251083;  13788.0;  81.151; 0.25;"FINE1"
 6255694;  13759.0;  81.180; 0.25;"FINE1"
 6260306;  13731.0;  81.213; 0.25;"FINE1"
 6264917;  13703.0;  81.228; 0.25;"FINE1"
 6269507;  13675.0;  81.252; 0.25;"FINE1"
 6274035;  13647.0;  81.269; 0.25;"FINE1"
 6278562;  13620.0;  81.288; 0.25;"FINE1"
 6283090;  13592.0;  81.298; 0.25;"FINE1"
 6287618;  13564.0;  81.301; 0.25;"FINE1"
 6292145;  13537.0;  81.316; 0.25;"FINE1"
 6296673;  13509.0;  81.342; 0.25;"FINE1"
 6303464;  13468.0;  81.364; 0.25;"FINE1"
 6315521;  13394.0;  81.396; 0.25;"FINE1"
 6320104;  13367.0;  81.441; 0.25;"FINE1"
 6324688;  13339.0;  81.473; 0.25;"FINE1"
 6329271;  13311.0;  81.495; 0.25;"FINE1"
 6333854;  13283.0;  81.504; 0.25;"FINE1"
 6338438;  13255.0;  81.521; 0.25;"FINE1"
 6343021;  13228.0;  81.538; 0.25;"FINE1"
 6347604;  13200.0;  81.556; 0.25;"FINE1"
 6352188;  13172.0;  81.576; 0.25;"FINE1"
 6356767;  13145.0;  81.603; 0.25;"FINE1"
 6361337;  13117.0;  81.624; 0.25;"FINE1"
 6365906;  13089.0;  81.634; 0.25;"FINE1"
 6370476;  13062.0;  81.642; 0.25;"FINE1"
 6375045;  13034.0;  81.671; 0.25;"FINE1"
 6379615;  13007.0;  81.686; 0.25;"FINE1"
 6384184;  12979.0;  81.711; 0.25;"FINE1"
 6388753;  12952.0;  81.740; 0.25;"FINE1"
 6393323;  12924.0;  81.762; 0.25;"FINE1"
 6397889;  12897.0;  81.770; 0.25;"FINE1"
 6402446;  12870.0;  81.775; 0.25;"FINE1"
 6407003;  12842.0;  81.785; 0.25;"FINE1"
 6411560;  12815.0;  81.804; 0.25;"FINE1"
 6416118;  12788.0;  81.831; 0.25;"FINE1"
 6420675;  12760.0;  81.839; 0.25;"FINE1"
 6425232;  12733.0;  81.869; 0.25;"FINE1"
 6429789;  12706.0;  81.883; 0.25;"FINE1"
 6434346;  12679.0;  81.905; 0.25;"FINE1"
 6444149;  12620.0;  81.942; 0.25;"FINE1"
 6448747;  12593.0;  81.968; 0.25;"FINE1"
 6453344;  12565.0;  82.030; 0.25;"FINE1"
 6457941;  12538.0;  82.081; 0.25;"FINE1"
 6462538;  12510.0;  82.114; 0.25;"FINE1"
 6467135;  12483.0;  82.141; 0.25;"FINE1"
 6471733;  12456.0;  82.160; 0.25;"FINE1"
 6476330;  12428.0;  82.178; 0.25;"FINE1"
 6480927;  12401.0;  82.205; 0.25;"FINE1"
 6485511;  12374.0;  82.218; 0.25;"FINE1"
 6490053;  12347.0;  82.230; 0.25;"FINE1"
 6494595;  12320.0;  82.222; 0.25;"FINE1"
 6499138;  12293.0;  82.244; 0.25;"FINE1"
 6503680;  12266.0;  82.259; 0.25;"FINE1"
 6508222;  12239.0;  82.291; 0.25;"FINE1"
 6512765;  12212.0;  82.327; 0.25;"FINE1"
 6517307;  12185.0;  82.356; 0.25;"FINE1"
 6521849;  12159.0;  82.381; 0.25;"FINE1"
 6531521;  12101.0;  82.419; 0.25;"FINE1"
 6536104;  12074.0;  82.418; 0.25;"FINE1"
 6540688;  12047.0;  82.419; 0.25;"FINE1"
 6545271;  12020.0;  82.431; 0.25;"FINE1"
 6549854;  11993.0;  82.426; 0.25;"FINE1"
 6554438;  11966.0;  82.451; 0.25;"FINE1"
 6559021;  11940.0;  82.475; 0.25;"FINE1"
 6563604;  11913.0;  82.487; 0.25;"FINE1"
 6568188;  11886.0;  82.493; 0.25;"FINE1"
 6572767;  11859.0;  82.503; 0.25;"FINE1"
 6577337;  11832.0;  82.507; 0.25;"FINE1"
 6581906;  11805.0;  82.507; 0.25;"FINE1"
 6586476;  11778.0;  82.528; 0.25;"FINE1"
 6591045;  11752.0;  82.554; 0.25;"FINE1"
 6595615;  11725.0;  82.575; 0.25;"FINE1"
 6600184;  11698.0;  82.592; 0.25;"FINE1"
 6604753;  11672.0;  82.593; 0.25;"FINE1"
 6609323;  11645.0;  82.636; 0.25;"FINE1"
 6613893;  11618.0;  82.660; 0.25;"FINE1"
 6618465;  11592.0;  82.687; 0.25;"FINE1"
 6623037;  11565.0;  82.711; 0.25;"FINE1"
 6627608;  11538.0;  82.736; 0.25;"FINE1"
 6632180;  11512.0;  82.760; 0.25;"FINE1"
 6636752;  11485.0;  82.778; 0.25;"FINE1"
 6641324;  11458.0;  82.788; 0.25;"FINE1"
 6645895;  11432.0;  82.800; 0.25;"FINE1"
 6650467;  11405.0;  82.818; 0.25;"FINE1"
 6660149;  11349.0;  82.871; 0.25;"FINE1"
 6664747;  11323.0;  82.903; 0.25;"FINE1"
 6669344;  11296.0;  82.924; 0.25;"FINE1"
 6673941;  11269.0;  82.946; 0.25;"FINE1"
 6678538;  11243.0;  82.977; 0.25;"FINE1"
 6683135;  11216.0;  82.993; 0.25;"FINE1"
 6687733;  11190.0;  83.010; 0.25;"FINE1"
 6692330;  11163.0;  83.033; 0.25;"FINE1"
 6696927;  11136.0;  83.047; 0.25;"FINE1"
 6701511;  11110.0;  83.073; 0.25;"FINE1"
 6706053;  11084.0;  83.106; 0.25;"FINE1"
 6710595;  11058.0;  83.134; 0.25;"FINE1"
 6715138;  11031.0;  83.183; 0.25;"FINE1"
 6719680;  11005.0;  83.192; 0.25;"FINE1"
 6724222;  10979.0;  83.199; 0.25;"FINE1"
 6728765;  10953.0;  83.218; 0.25;"FINE1"
 6733307;  10927.0;  83.231; 0.25;"FINE1"
 6737849;  10901.0;  83.260; 0.25;"FINE1"
 6747639;  10845.0;  83.337; 0.25;"FINE1"
 6752194;  10818.0;  83.348; 0.25;"FINE1"
 6756750;  10792.0;  83.362; 0.25;"FINE1"
 6761306;  10766.0;  83.377; 0.25;"FINE1"
 6765861;  10740.0;  83.387; 0.25;"FINE1"
 6770417;  10714.0;  83.379; 0.25;"FINE1"
 6774972;  10688.0;  83.424; 0.25;"FINE1"
 6779528;  10662.0;  83.433; 0.25;"FINE1"
 6784083;  10636.0;  83.451; 0.25;"FINE1"
 6788646;  10610.0;  83.489; 0.25;"FINE1"
 6793229;  10584.0;  83.509; 0.25;"FINE1"
 6797812;  10558.0;  83.498; 0.25;"FINE1"
 6802396;  10532.0;  83.489; 0.25;"FINE1"
 6806979;  10505.0;  83.506; 0.25;"FINE1"
 6811562;  10479.0;  83.542; 0.25;"FINE1"
 6816146;  10453.0;  83.584; 0.25;"FINE1"
 6820729;  10427.0;  83.590; 0.25;"FINE1"
 6825312;  10401.0;  83.590; 0.25;"FINE1"
 6829893;  10375.0;  83.629; 0.25;"FINE1"
 6834465;  10349.0;  83.631; 0.25;"FINE1"
 6839037;  10323.0;  83.671; 0.25;"FINE1"
 6843608;  10297.0;  83.702; 0.25;"FINE1"
 6848180;  10272.0;  83.708; 0.25;"FINE1"
 6852752;  10246.0;  83.709; 0.25;"FINE1"
 6857324;  10220.0;  83.721; 0.25;"FINE1"
 6861895;  10194.0;  83.745; 0.25;"FINE1"
 6866467;  10168.0;  83.770; 0.25;"FINE1"
 6876271;  10113.0;  83.831; 0.25;"FINE1"
 6880854;  10087.0;  83.855; 0.25;"FINE1"
 6885438;  10061.0;  83.871; 0.25;"FINE1"
 6890021;  10035.0;  83.904; 0.25;"FINE1"
 6894604;  10009.0;  83.924; 0.25;"FINE1"
 6899188;   9984.0;  83.940; 0.25;"FINE1"
 6903771;   9958.0;  83.964; 0.25;"FINE1"
 6908354;   9932.0;  83.993; 0.25;"FINE1"
 6912938;   9906.0;  84.011; 0.25;"FINE1"
 6917514;   9881.0;  84.019; 0.25;"FINE1"
 6922071;   9855.0;  84.035; 0.25;"FINE1"
 6926628;   9829.0;  84.067; 0.25;"FINE1"
 6931185;   9804.0;  84.093; 0.25;"FINE1"
 6935743;   9778.0;  84.095; 0.25;"FINE1"
 6940300;   9753.0;  84.105; 0.25;"FINE1"
 6944857;   9727.0;  84.096; 0.25;"FINE1"
 6949414;   9702.0;  84.137; 0.25;"FINE1"
 6953971;   9676.0;  84.159; 0.25;"FINE1"
 6963767;   9622.0;  84.168; 0.25;"FINE1"
 6968337;   9596.0;  84.207; 0.25;"FINE1"
 6972906;   9571.0;  84.250; 0.25;"FINE1"
 6977476;   9545.0;  84.286; 0.25;"FINE1"
 6982045;   9520.0;  84.298; 0.25;"FINE1"
 6986615;   9494.0;  84.294; 0.25;"FINE1"
 6991184;   9469.0;  84.311; 0.25;"FINE1"
 6995753;   9443.0;  84.293; 0.25;"FINE1"
 7000323;   9418.0;  84.309; 0.25;"FINE1"
 7004892;   9393.0;  84.310; 0.25;"FINE1"
 7009462;   9367.0;  84.316; 0.25;"FINE1"
 7014031;   9342.0;  84.344; 0.25;"FINE1"
 7018601;   9317.0;  84.372; 0.25;"FINE1"
 7023170;   9291.0;  84.397; 0.25;"FINE1"
 7027740;   9266.0;  84.416; 0.25;"FINE1"
 7032309;   9241.0;  84.443; 0.25;"FINE1"
 7036878;   9215.0;  84.479; 0.25;"FINE1"
 7041448;   9190.0;  84.505; 0.25;"FINE1"
 7046018;   9165.0;  84.524; 0.25;"FINE1"
 7050590;   9140.0;  84.539; 0.25;"FINE1"
 7055162;   9114.0;  84.556; 0.25;"FINE1"
 7059733;   9089.0;  84.576; 0.25;"FINE1"
 7064305;   9064.0;  84.600; 0.25;"FINE1"
 7068877;   9039.0;  84.629; 0.25;"FINE1"
 7073449;   9014.0;  84.649; 0.25;"FINE1"
 7078020;   8988.0;  84.665; 0.25;"FINE1"
 7082592;   8963.0;  84.686; 0.25;"FINE1"
 7092396;   8909.0;  84.731; 0.25;"FINE1"
 7096979;   8884.0;  84.739; 0.25;"FINE1"
 7101562;   8859.0;  84.760; 0.25;"FINE1"
 7106146;   8834.0;  84.784; 0.25;"FINE1"
 7110729;   8809.0;  84.803; 0.25;"FINE1"
 7115312;   8784.0;  84.820; 0.25;"FINE1"
 7119896;   8758.0;  84.843; 0.25;"FINE1"
 7124479;   8733.0;  84.852; 0.25;"FINE1"
 7129062;   8708.0;  84.877; 0.25;"FINE1"
 7133643;   8683.0;  84.903; 0.25;"FINE1"
 7138215;   8658.0;  84.935; 0.25;"FINE1"
 7142787;   8633.0;  84.955; 0.25;"FINE1"
 7147358;   8608.0;  84.968; 0.25;"FINE1"
 7151930;   8583.0;  84.994; 0.25;"FINE1"
 7156502;   8558.0;  85.025; 0.25;"FINE1"
 7161074;   8533.0;  85.037; 0.25;"FINE1"
 7165645;   8508.0;  85.046; 0.25;"FINE1"
 7170217;   8484.0;  85.085; 0.25;"FINE1"
 7180028;   8430.0;  85.106; 0.25;"FINE1"
 7184639;   8405.0;  85.127; 0.25;"FINE1"
 7189250;   8380.0;  85.146; 0.25;"FINE1"
 7193861;   8355.0;  85.169; 0.25;"FINE1"
 7198472;   8330.0;  85.202; 0.25;"FINE1"
 7203083;   8305.0;  85.221; 0.25;"FINE1"
 7207694;   8280.0;  85.237; 0.25;"FINE1"
 7212306;   8255.0;  85.260; 0.25;"FINE1"
 7216917;   8230.0;  85.284; 0.25;"FINE1"
 7221517;   8205.0;  85.314; 0.25;"FINE1"
 7226087;   8180.0;  85.344; 0.25;"FINE1"
 7230656;   8156.0;  85.359; 0.25;"FINE1"
 7235226;   8131.0;  85.371; 0.25;"FINE1"
 7239795;   8106.0;  85.390; 0.25;"FINE1"
 7244365;   8081.0;  85.412; 0.25;"FINE1"
 7248934;   8057.0;  85.444; 0.25;"FINE1"
 7253503;   8032.0;  85.457; 0.25;"FINE1"
 7258073;   8008.0;  85.467; 0.25;"FINE1"
 7262647;   7983.0;  85.490; 0.25;"FINE1"
 7267233;   7958.0;  85.514; 0.25;"FINE1"
 7271820;   7933.0;  85.529; 0.25;"FINE1"
 7276406;   7909.0;  85.544; 0.25;"FINE1"
 7280993;   7884.0;  85.566; 0.25;"FINE1"
 7285579;   7859.0;  85.588; 0.25;"FINE1"
 7290165;   7835.0;  85.564; 0.25;"FINE1"
 7294752;   7810.0;  85.599; 0.25;"FINE1"
 7299338;   7786.0;  85.649; 0.25;"FINE1"
 7309514;   7731.0;  85.700; 0.25;"FINE1"
 7314069;   7707.0;  85.687; 0.25;"FINE1"
 7318625;   7682.0;  85.689; 0.25;"FINE1"
 7323181;   7658.0;  85.727; 0.25;"FINE1"
 7327736;   7633.0;  85.768; 0.25;"FINE1"
 7332292;   7609.0;  85.800; 0.25;"FINE1"
 7336847;   7585.0;  85.810; 0.25;"FINE1"
 7341403;   7560.0;  85.796; 0.25;"FINE1"
 7345958;   7536.0;  85.803; 0.25;"FINE1"
 7350529;   7512.0;  85.826; 0.25;"FINE1"
 7355145;   7487.0;  85.856; 0.25;"FINE1"
 7359761;   7463.0;  85.880; 0.25;"FINE1"
 7364377;   7438.0;  85.904; 0.25;"FINE1"
 7368993;   7413.0;  85.936; 0.25;"FINE1"
 7373608;   7389.0;  85.945; 0.25;"FINE1"
 7378224;   7364.0;  85.962; 0.25;"FINE1"
 7382840;   7340.0;  85.990; 0.25;"FINE1"
 7387456;   7315.0;  86.016; 0.25;"FINE1"
 7397524;   7262.0;  86.068; 0.25;"FINE1"
 7402122;   7237.0;  86.103; 0.25;"FINE1"
 7406719;   7213.0;  86.131; 0.25;"FINE1"
 7411316;   7189.0;  86.161; 0.25;"FINE1"
 7415913;   7164.0;  86.183; 0.25;"FINE1"
 7420510;   7140.0;  86.207; 0.25;"FINE1"
 7425108;   7116.0;  86.228; 0.25;"FINE1"
 7429705;   7091.0;  86.256; 0.25;"FINE1"
 7434302;   7067.0;  86.285; 0.25;"FINE1"
 7438903;   7043.0;  86.308; 0.25;"FINE1"
 7443514;   7018.0;  86.336; 0.25;"FINE1"
 7448125;   6994.0;  86.365; 0.25;"FINE1"
 7452736;   6970.0;  86.396; 0.25;"FINE1"
 7457347;   6945.0;  86.420; 0.25;"FINE1"
 7461958;   6921.0;  86.438; 0.25;"FINE1"
 7466569;   6897.0;  86.458; 0.25;"FINE1"
 7471181;   6872.0;  86.477; 0.25;"FINE1"
 7475792;   6848.0;  86.500; 0.25;"FINE1"
 7480400;   6824.0;  86.504; 0.25;"FINE1"
 7485002;   6800.0;  86.543; 0.25;"FINE1"
 7489603;   6776.0;  86.565; 0.25;"FINE1"
 7494204;   6751.0;  86.581; 0.25;"FINE1"
 7498805;   6727.0;  86.608; 0.25;"FINE1"
 7503406;   6703.0;  86.599; 0.25;"FINE1"
 7508007;   6679.0;  86.609; 0.25;"FINE1"
 7512609;   6655.0;  86.626; 0.25;"FINE1"
 7517210;   6631.0;  86.645; 0.25;"FINE1"
 7527031;   6579.0;  86.703; 0.25;"FINE1"
 7531656;   6555.0;  86.740; 0.25;"FINE1"
 7536281;   6531.0;  86.762; 0.25;"FINE1"
 7540906;   6507.0;  86.789; 0.25;"FINE1"
 7545531;   6483.0;  86.831; 0.25;"FINE1"
 7550156;   6458.0;  86.858; 0.25;"FINE1"
 7554781;   6434.0;  86.885; 0.25;"FINE1"
 7559406;   6410.0;  86.916; 0.25;"FINE1"
 7564031;   6386.0;  86.937; 0.25;"FINE1"
 7568650;   6362.0;  86.959; 0.25;"FINE1"
 7573252;   6338.0;  86.990; 0.25;"FINE1"
 7577853;   6314.0;  87.022; 0.25;"FINE1"
 7582454;   6290.0;  87.044; 0.25;"FINE1"
 7587055;   6266.0;  87.063; 0.25;"FINE1"
 7591656;   6242.0;  87.082; 0.25;"FINE1"
 7596257;   6218.0;  87.100; 0.25;"FINE1"
 7600859;   6194.0;  87.129; 0.25;"FINE1"
 7605460;   6170.0;  87.150; 0.25;"FINE1"
 7615524;   6118.0;  87.181; 0.25;"FINE1"
 7620122;   6094.0;  87.194; 0.25;"FINE1"
 7624719;   6071.0;  87.215; 0.25;"FINE1"
 7629316;   6047.0;  87.240; 0.25;"FINE1"
 7633913;   6023.0;  87.269; 0.25;"FINE1"
 7638510;   5999.0;  87.287; 0.25;"FINE1"
 7643108;   5975.0;  87.305; 0.25;"FINE1"
 7647705;   5952.0;  87.314; 0.25;"FINE1"
 7652302;   5928.0;  87.326; 0.25;"FINE1"
 7656906;   5904.0;  87.351; 0.25;"FINE1"
 7661531;   5880.0;  87.375; 0.25;"FINE1"
 7666156;   5856.0;  87.404; 0.25;"FINE1"
 7670781;   5832.0;  87.424; 0.25;"FINE1"
 7675406;   5809.0;  87.458; 0.25;"FINE1"
 7680031;   5785.0;  87.480; 0.25;"FINE1"
 7684656;   5761.0;  87.511; 0.25;"FINE1"
 7689281;   5737.0;  87.539; 0.25;"FINE1"
 7693906;   5713.0;  87.552; 0.25;"FINE1"
 7698529;   5690.0;  87.573; 0.25;"FINE1"
 7703145;   5666.0;  87.588; 0.25;"FINE1"
 7707761;   5642.0;  87.598; 0.25;"FINE1"
 7712377;   5618.0;  87.611; 0.25;"FINE1"
 7716993;   5595.0;  87.630; 0.25;"FINE1"
 7721608;   5571.0;  87.654; 0.25;"FINE1"
 7726224;   5547.0;  87.686; 0.25;"FINE1"
 7730840;   5524.0;  87.716; 0.25;"FINE1"
 7735456;   5500.0;  87.720; 0.25;"FINE1"
 7745524;   5449.0;  87.761; 0.25;"FINE1"
 7750122;   5425.0;  87.775; 0.25;"FINE1"
 7754719;   5402.0;  87.815; 0.25;"FINE1"
 7759316;   5378.0;  87.839; 0.25;"FINE1"
 7763913;   5355.0;  87.863; 0.25;"FINE1"
 7768510;   5331.0;  87.891; 0.25;"FINE1"
 7773108;   5308.0;  87.911; 0.25;"FINE1"
 7777705;   5284.0;  87.935; 0.25;"FINE1"
 7782302;   5261.0;  87.960; 0.25;"FINE1"
 7786900;   5237.0;  87.982; 0.25;"FINE1"
 7791502;   5214.0;  88.010; 0.25;"FINE1"
 7796103;   5191.0;  88.033; 0.25;"FINE1"
 7800704;   5167.0;  88.053; 0.25;"FINE1"
 7805305;   5144.0;  88.062; 0.25;"FINE1"
 7809906;   5120.0;  88.100; 0.25;"FINE1"
 7814507;   5097.0;  88.115; 0.25;"FINE1"
 7819109;   5074.0;  88.132; 0.25;"FINE1"
 7823710;   5050.0;  88.145; 0.25;"FINE1"
 7833663;   5000.0;  88.185; 0.25;"FINE1"
 7838316;   4976.0;  88.204; 0.25;"FINE1"
 7842969;   4953.0;  88.230; 0.25;"FINE1"
 7847622;   4929.0;  88.257; 0.25;"FINE1"
 7852274;   4906.0;  88.276; 0.25;"FINE1"
 7856927;   4882.0;  88.290; 0.25;"FINE1"
 7861580;   4859.0;  88.308; 0.25;"FINE1"
 7866233;   4835.0;  88.326; 0.25;"FINE1"
 7870885;   4812.0;  88.359; 0.25;"FINE1"
 7875524;   4788.0;  88.373; 0.25;"FINE1"
 7880122;   4765.0;  88.401; 0.25;"FINE1"
 7884719;   4742.0;  88.439; 0.25;"FINE1"
 7889316;   4719.0;  88.451; 0.25;"FINE1"
 7893913;   4695.0;  88.468; 0.25;"FINE1"
 7898510;   4672.0;  88.480; 0.25;"FINE1"
 7903108;   4649.0;  88.498; 0.25;"FINE1"
 7907705;   4626.0;  88.520; 0.25;"FINE1"
 7912302;   4603.0;  88.543; 0.25;"FINE1"
 7916904;   4580.0;  88.558; 0.25;"FINE1"
 7921520;   4557.0;  88.564; 0.25;"FINE1"
 7926136;   4533.0;  88.583; 0.25;"FINE1"
 7930752;   4510.0;  88.606; 0.25;"FINE1"
 7935368;   4487.0;  88.617; 0.25;"FINE1"
 7939983;   4464.0;  88.657; 0.25;"FINE1"
 7944599;   4441.0;  88.669; 0.25;"FINE1"
 7949215;   4418.0;  88.691; 0.25;"FINE1"
 7953831;   4395.0;  88.713; 0.25;"FINE1"
 7963785;   4345.0;  88.764; 0.25;"FINE1"
 7968424;   4322.0;  88.791; 0.25;"FINE1"
 7973062;   4298.0;  88.802; 0.25;"FINE1"
 7977701;   4275.0;  88.821; 0.25;"FINE1"
 7982340;   4252.0;  88.851; 0.25;"FINE1"
 7986979;   4229.0;  88.874; 0.25;"FINE1"
 7991618;   4206.0;  88.895; 0.25;"FINE1"
 7996257;   4183.0;  88.913; 0.25;"FINE1"
 8000896;   4160.0;  88.934; 0.25;"FINE1"
 8005522;   4137.0;  88.950; 0.25;"FINE1"
 8010108;   4114.0;  88.978; 0.25;"FINE1"
 8014695;   4091.0;  89.002; 0.25;"FINE1"
 8019281;   4068.0;  89.013; 0.25;"FINE1"
 8023868;   4045.0;  89.038; 0.25;"FINE1"
 8028454;   4023.0;  89.065; 0.25;"FINE1"
 8033040;   4000.0;  89.089; 0.25;"FINE1"
 8037627;   3977.0;  89.110; 0.25;"FINE1"
 8042213;   3954.0;  89.136; 0.25;"FINE1"
 8052160;   3905.0;  89.197; 0.25;"FINE1"
 8056799;   3882.0;  89.226; 0.25;"FINE1"
 8061438;   3859.0;  89.251; 0.25;"FINE1"
 8066076;   3836.0;  89.273; 0.25;"FINE1"
 8070715;   3813.0;  89.305; 0.25;"FINE1"
 8075354;   3790.0;  89.322; 0.25;"FINE1"
 8079993;   3767.0;  89.350; 0.25;"FINE1"
 8084632;   3744.0;  89.363; 0.25;"FINE1"
 8089271;   3721.0;  89.389; 0.25;"FINE1"
 8093910;   3698.0;  89.407; 0.25;"FINE1"
 8098549;   3675.0;  89.441; 0.25;"FINE1"
 8103188;   3653.0;  89.469; 0.25;"FINE1"
 8107826;   3630.0;  89.492; 0.25;"FINE1"
 8112465;   3607.0;  89.518; 0.25;"FINE1"
 8117104;   3584.0;  89.543; 0.25;"FINE1"
 8121743;   3561.0;  89.562; 0.25;"FINE1"
 8126382;   3538.0;  89.581; 0.25;"FINE1"
 8131021;   3515.0;  89.612; 0.25;"FINE1"
 8135658;   3493.0;  89.634; 0.25;"FINE1"
 8140288;   3470.0;  89.659; 0.25;"FINE1"
 8144919;   3447.0;  89.656; 0.25;"FINE1"
 8149549;   3424.0;  89.698; 0.25;"FINE1"
 8154180;   3402.0;  89.720; 0.25;"FINE1"
 8158811;   3379.0;  89.744; 0.25;"FINE1"
 8163441;   3356.0;  89.773; 0.25;"FINE1"
 8168072;   3334.0;  89.803; 0.25;"FINE1"
 8172702;   3311.0;  89.826; 0.25;"FINE1"
 8182531;   3263.0;  89.872; 0.25;"FINE1"
 8187156;   3240.0;  89.901; 0.25;"FINE1"
 8191781;   3217.0;  89.914; 0.25;"FINE1"
 8196406;   3195.0;  89.930; 0.25;"FINE1"
 8201031;   3172.0;  89.942; 0.25;"FINE1"
 8205656;   3150.0;  89.950; 0.25;"FINE1"
 8210281;   3127.0;  89.971; 0.25;"FINE1"
 8214906;   3104.0;  89.982; 0.25;"FINE1"
 8219531;   3082.0;  90.007; 0.25;"FINE1"
 8224158;   3059.0;  90.023; 0.25;"FINE1"
 8228788;   3037.0;  90.041; 0.25;"FINE1"
 8233419;   3014.0;  90.059; 0.25;"FINE1"
 8238049;   2992.0;  90.075; 0.25;"FINE1"
 8242680;   2969.0;  90.096; 0.25;"FINE1"
 8247311;   2947.0;  90.125; 0.25;"FINE1"
 8251941;   2924.0;  90.151; 0.25;"FINE1"
 8256572;   2902.0;  90.167; 0.25;"FINE1"
 8261202;   2879.0;  90.189; 0.25;"FINE1"
 8271031;   2831.0;  90.226; 0.25;"FINE1"
 8275656;   2809.0;  90.248; 0.25;"FINE1"
 8280281;   2787.0;  90.271; 0.25;"FINE1"
 8284906;   2764.0;  90.284; 0.25;"FINE1"
 8289531;   2742.0;  90.314; 0.25;"FINE1"
 8294156;   2719.0;  90.325; 0.25;"FINE1"
 8298781;   2697.0;  90.361; 0.25;"FINE1"
 8303406;   2675.0;  90.393; 0.25;"FINE1"
 8308031;   2652.0;  90.414; 0.25;"FINE1"
 8312656;   2630.0;  90.431; 0.25;"FINE1"
 8317281;   2608.0;  90.446; 0.25;"FINE1"
 8321906;   2585.0;  90.458; 0.25;"FINE1"
 8326531;   2563.0;  90.480; 0.25;"FINE1"
 8331156;   2541.0;  90.517; 0.25;"FINE1"
 8335781;   2518.0;  90.543; 0.25;"FINE1"
 8340406;   2496.0;  90.568; 0.25;"FINE1"
 8345031;   2474.0;  90.588; 0.25;"FINE1"
 8349656;   2451.0;  90.619; 0.25;"FINE1"
 8354283;   2429.0;  90.640; 0.25;"FINE1"
 8358913;   2407.0;  90.669; 0.25;"FINE1"
 8363544;   2385.0;  90.694; 0.25;"FINE1"
 8368174;   2362.0;  90.707; 0.25;"FINE1"
 8372805;   2340.0;  90.736; 0.25;"FINE1"
 8377436;   2318.0;  90.764; 0.25;"FINE1"
 8382066;   2296.0;  90.784; 0.25;"FINE1"
 8386697;   2273.0;  90.813; 0.25;"FINE1"
 8391327;   2251.0;  90.835; 0.25;"FINE1"
 8401524;   2202.0;  90.886; 0.25;"FINE1"
 8406121;   2180.0;  90.904; 0.25;"FINE1"
 8410719;   2158.0;  90.933; 0.25;"FINE1"
 8415316;   2136.0;  90.954; 0.25;"FINE1"
 8419913;   2114.0;  90.976; 0.25;"FINE1"
 8424510;   2092.0;  91.003; 0.25;"FINE1"
 8429108;   2070.0;  91.031; 0.25;"FINE1"
 8433705;   2048.0;  91.057; 0.25;"FINE1"
 8438302;   2026.0;  91.080; 0.25;"FINE1"
 8442908;   2004.0;  91.108; 0.25;"FINE1"
 8447538;   1982.0;  91.139; 0.25;"FINE1"
 8452169;   1960.0;  91.155; 0.25;"FINE1"
 8456799;   1938.0;  91.172; 0.25;"FINE1"
 8461430;   1916.0;  91.206; 0.25;"FINE1"
 8466061;   1894.0;  91.228; 0.25;"FINE1"
 8470691;   1872.0;  91.253; 0.25;"FINE1"
 8475322;   1850.0;  91.276; 0.25;"FINE1"
 8479952;   1828.0;  91.302; 0.25;"FINE1"
 8489906;   1780.0;  91.363; 0.25;"FINE1"
 8494531;   1758.0;  91.395; 0.25;"FINE1"
 8499156;   1736.0;  91.422; 0.25;"FINE1"
 8503781;   1714.0;  91.453; 0.25;"FINE1"
 8508406;   1692.0;  91.471; 0.25;"FINE1"
 8513031;   1670.0;  91.501; 0.25;"FINE1"
 8517656;   1648.0;  91.532; 0.25;"FINE1"
 8522281;   1626.0;  91.561; 0.25;"FINE1"
 8526906;   1604.0;  91.593; 0.25;"FINE1"
 8531542;   1582.0;  91.616; 0.25;"FINE1"
 8536208;   1560.0;  91.643; 0.25;"FINE1"
 8540875;   1538.0;  91.677; 0.25;"FINE1"
 8545542;   1516.0;  91.706; 0.25;"FINE1"
 8550208;   1494.0;  91.725; 0.25;"FINE1"
 8554875;   1472.0;  91.755; 0.25;"FINE1"
 8559542;   1450.0;  91.777; 0.25;"FINE1"
 8564208;   1428.0;  91.808; 0.25;"FINE1"
 8568875;   1406.0;  91.839; 0.25;"FINE1"
 8573533;   1384.0;  91.864; 0.25;"FINE1"
 8578163;   1362.0;  91.894; 0.25;"FINE1"
 8582794;   1340.0;  91.923; 0.25;"FINE1"
 8587424;   1318.0;  91.952; 0.25;"FINE1"
 8592055;   1296.0;  91.982; 0.25;"FINE1"
 8596686;   1275.0;  92.009; 0.25;"FINE1"
 8601316;   1253.0;  92.037; 0.25;"FINE1"
 8605947;   1231.0;  92.058; 0.25;"FINE1"
 8610577;   1209.0;  92.091; 0.25;"FINE1"
 8620413;   1163.0;  92.151; 0.25;"FINE1"
 8625066;   1141.0;  92.170; 0.25;"FINE1"
 8629719;   1119.0;  92.197; 0.25;"FINE1"
 8634371;   1097.0;  92.231; 0.25;"FINE1"
 8639024;   1075.0;  92.259; 0.25;"FINE1"
 8643677;   1053.0;  92.281; 0.25;"FINE1"
 8648330;   1032.0;  92.313; 0.25;"FINE1"
 8652983;   1010.0;  92.348; 0.25;"FINE1"
 8657635;    988.0;  92.370; 0.25;"FINE1"
 8662290;    966.0;  92.389; 0.25;"FINE1"
 8666950;    944.0;  92.413; 0.25;"FINE1"
 8671610;    922.0;  92.437; 0.25;"FINE1"
 8676270;    901.0;  92.456; 0.25;"FINE1"
 8680930;    879.0;  92.483; 0.25;"FINE1"
 8685590;    857.0;  92.521; 0.25;"FINE1"
 8690250;    835.0;  92.527; 0.25;"FINE1"
 8694910;    813.0;  92.543; 0.25;"FINE1"
 8699570;    792.0;  92.561; 0.25;"FINE1"
 8709542;    745.0;  92.616; 0.25;"FINE1"
 8714208;    723.0;  92.641; 0.25;"FINE1"
 8718875;    702.0;  92.662; 0.25;"FINE1"
 8723542;    680.0;  92.698; 0.25;"FINE1"
 8728208;    658.0;  92.727; 0.25;"FINE1"
 8732875;    636.0;  92.750; 0.25;"FINE1"
 8737542;    615.0;  92.775; 0.25;"FINE1"
 8742208;    593.0;  92.797; 0.25;"FINE1"
 8746875;    571.0;  92.819; 0.25;"FINE1"
 8751549;    549.0;  92.853; 0.25;"FINE1"
 8756243;    528.0;  92.879; 0.25;"FINE1"
 8760938;    506.0;  92.901; 0.25;"FINE1"
 8765632;    484.0;  92.927; 0.25;"FINE1"
 8770326;    462.0;  92.961; 0.25;"FINE1"
 8775021;    440.0;  92.985; 0.25;"FINE1"
 8779715;    418.0;  93.006; 0.25;"FINE1"
 8784410;    397.0;  93.018; 0.25;"FINE1"
 8789104;    375.0;  93.028; 0.25;"FINE1"
 8793797;    353.0;  93.043; 0.25;"FINE1"
 8798487;    331.0;  93.069; 0.25;"FINE1"
 8803176;    310.0;  93.072; 0.25;"FINE1"
 8807866;    288.0;  93.090; 0.25;"FINE1"
 8812555;    266.0;  93.128; 0.25;"FINE1"
 8817244;    245.0;  93.148; 0.25;"FINE1"
 8821934;    223.0;  93.180; 0.25;"FINE1"
 8826623;    201.0;  93.204; 0.25;"FINE1"
 8831313;    180.0;  93.233; 0.25;"FINE1"
 8841545;    132.0;  93.301; 0.25;"FINE1"
 8846226;    111.0;  93.325; 0.25;"FINE1"
 8850906;     89.0;  93.364; 0.25;"FINE1"
 8855587;     68.0;  93.382; 0.25;"FINE1"
 8860267;     46.0;  93.409; 0.25;"FINE1"
 8864948;     24.0;  93.450; 0.25;"FINE1"
 8869629;      3.0;  93.503; 0.25;"FINE1"
 8870125;      0.0;  93.515; 0.25;"FINE1"
 8875125;      0.0;  93.538; 0.25;"FINE1"
 8880125;      0.0;  93.519; 0.25;"FINE1"
 8885125;      0.0;  93.521; 0.25;"FINE1"
 8890125;      0.0;  93.498; 0.25;"FINE1"
 8895125;      0.0;  93.502; 0.25;"FINE1"
 8900125;      0.0;  93.515; 0.25;"FINE1"
 8905125;      0.0;  93.571; 0.25;"FINE1"
 8910125;      0.0;  93.520; 0.25;"FINE1"
 8915125;      0.0;  93.539; 0.25;"FINE1"
 8920125;      0.0;  93.538; 0.25;"FINE1"
 8925125;      0.0;  93.546; 0.25;"FINE1"
 8930125;      0.0;  93.527; 0.25;"FINE1"
 8935125;      0.0;  93.552; 0.25;"FINE1"
 8940125;      0.0;  93.554; 0.25;"FINE1"
 8945125;      0.0;  93.559; 0.25;"FINE1"
 8950125;      0.0;  93.578; 0.25;"FINE1"
 8955125;      0.0;  93.569; 0.25;"FINE1"
 8960125;      0.0;  93.596; 0.25;"FINE1"
 8965125;      0.0;  93.587; 0.25;"FINE1"
 8970125;      0.0;  93.587; 0.25;"FINE1"
 8975125;      0.0;  93.612; 0.25;"FINE1"
 8980125;      0.0;  93.580; 0.25;"FINE1"
 8985125;      0.0;  93.615; 0.25;"FINE1"
 8990125;      0.0;  93.614; 0.25;"FINE1"
 8995125;      0.0;  93.602; 0.25;"FINE1"
 9000125;      0.0;  93.622; 0.25;"FINE1"
 9005125;      0.0;  93.609; 0.25;"FINE1"
 9010125;      0.0;  93.597; 0.25;"FINE1"
 9015125;      0.0;  93.621; 0.25;"FINE1"
 9020125;      0.0;  93.629; 0.25;"FINE1"
 9025125;      0.0;  93.639; 0.25;"FINE1"
 9030125;      0.0;  93.642; 0.25;"FINE1"
 9035125;      0.0;  93.649; 0.25;"FINE1"
 9040125;      0.0;  93.646; 0.25;"FINE1"
 9045125;      0.0;  93.667; 0.25;"FINE1"
 9050125;      0.0;  93.640; 0.25;"FINE1"
 9055125;      0.0;  93.650; 0.25;"FINE1"
 9060125;      0.0;  93.620; 0.25;"FINE1"
 9065125;      0.0;  93.587; 0.25;"FINE1"
 9070125;      0.0;  93.609; 0.25;"FINE1"
 9075125;      0.0;  93.620; 0.25;"FINE1"
 9080125;      0.0;  93.662; 0.25;"FINE1"
 9085125;      0.0;  93.692; 0.25;"FINE1"
 9090125;      0.0;  93.718; 0.25;"FINE1"
 9095125;      0.0;  93.694; 0.25;"FINE1"
 9100125;      0.0;  93.796; 0.25;"FINE1"
 9105125;      0.0;  93.801; 0.25;"FINE1"
 9110125;      0.0;  93.724; 0.25;"FINE1"
 9115125;      0.0;  93.626; 0.25;"FINE1"
 9120125;      0.0;  93.637; 0.25;"FINE1"
 9125125;      0.0;  93.739; 0.25;"FINE1"
 9130125;      0.0;  93.768; 0.25;"FINE1"
 9135125;      0.0;  93.796; 0.25;"FINE1"
 9140125;      0.0;  93.832; 0.25;"FINE1"
 9145125;      0.0;  93.863; 0.25;"FINE1"
 9150125;      0.0;  93.780; 0.25;"FINE1"
 9155125;      0.0;  93.727; 0.25;"FINE1"
 9160125;      0.0;  93.731; 0.25;"FINE1"
 9165125;      0.0;  93.759; 0.25;"FINE1"
 9170125;      0.0;  93.827; 0.25;"FINE1"
 9175125;      0.0;  93.771; 0.25;"FINE1"
 9180125;      0.0;  93.779; 0.25;"FINE1"
 9185125;      0.0;  93.811; 0.25;"FINE1"
 9190125;      0.0;  93.878; 0.25;"FINE1"
 9195125;      0.0;  93.764; 0.25;"FINE1"
 9200125;      0.0;  93.778; 0.25;"FINE1"
 9205125;      0.0;  93.774; 0.25;"FINE1"
 9210125;      0.0;  93.798; 0.25;"FINE1"
 9215125;      0.0;  93.774; 0.25;"FINE1"
 9220125;      0.0;  93.793; 0.25;"FINE1"
 9225125;      0.0;  93.802; 0.25;"FINE1"
 9230125;      0.0;  93.838; 0.25;"FINE1"
 9235125;      0.0;  93.824; 0.25;"FINE1"
 9240125;      0.0;  93.762; 0.25;"FINE1"
 9245125;      0.0;  93.742; 0.25;"FINE1"
 9250125;      0.0;  93.654; 0.25;"FINE1"
 9255125;      0.0;  93.666; 0.25;"FINE1"
 9260125;      0.0;  93.703; 0.25;"FINE1"
 9265125;      0.0;  93.720; 0.25;"FINE1"
 9270125;      0.0;  93.717; 0.25;"FINE1"
 9275125;      0.0;  93.719; 0.25;"FINE1"
 9280125;      0.0;  93.685; 0.25;"FINE1"
 9285125;      0.0;  93.641; 0.25;"FINE1"
 9290125;      0.0;  93.733; 0.25;"FINE1"
 9295125;      0.0;  93.694; 0.25;"FINE1"
 9300125;      0.0;  93.791; 0.25;"FINE1"
 9305125;      0.0;  93.735; 0.25;"FINE1"
 9310125;      0.0;  93.743; 0.25;"FINE1"
 9315125;      0.0;  93.776; 0.25;"FINE1"
 9320125;      0.0;  93.710; 0.25;"FINE1"
 9325125;      0.0;  93.789; 0.25;"FINE1"
 9330125;      0.0;  93.723; 0.25;"FINE1"
 9335125;      0.0;  93.890; 0.25;"FINE1"
 9340125;      0.0;  93.867; 0.25;"FINE1"
 9345125;      0.0;  93.814; 0.25;"FINE1"
 9350125;      0.0;  93.783; 0.25;"FINE1"
 9355125;      0.0;  93.811; 0.25;"FINE1"
 9360125;      0.0;  93.803; 0.25;"FINE1"
 9365125;      0.0;  93.856; 0.25;"FINE1"
 9370125;      0.0;  93.717; 0.25;"FINE1"
 9375125;      0.0;  93.823; 0.25;"FINE1"
 9380125;      0.0;  93.747; 0.25;"FINE1"
 9385125;      0.0;  93.742; 0.25;"FINE1"
 9390125;      0.0;  93.762; 0.25;"FINE1"
 9395125;      0.0;  93.798; 0.25;"FINE1"
 9400125;      0.0;  93.724; 0.25;"FINE1"
 9405125;      0.0;  93.745; 0.25;"FINE1"
 9410125;      0.0;  93.780; 0.25;"FINE1"
 9415125;      0.0;  93.749; 0.25;"FINE1"
 9420125;      0.0;  93.754; 0.25;"FINE1"
 9425125;      0.0;  93.696; 0.25;"FINE1"
 9430125;      0.0;  93.738; 0.25;"FINE1"
 9435125;      0.0;  93.750; 0.25;"FINE1"
 9440125;      0.0;  93.631; 0.25;"FINE1"
 9445125;      0.0;  93.780; 0.25;"FINE1"
 9450125;      0.0;  93.838; 0.25;"FINE1"
 9455125;      0.0;  93.771; 0.25;"FINE1"
 9460125;      0.0;  93.763; 0.25;"FINE1"
 9465125;      0.0;  93.728; 0.25;"FINE1"
 9470125;      0.0;  93.737; 0.25;"FINE1"
 9475125;      0.0;  93.773; 0.25;"FINE1"
 9480125;      0.0;  93.697; 0.25;"FINE1"
 9485125;      0.0;  93.803; 0.25;"FINE1"
 9490125;      0.0;  93.779; 0.25;"FINE1"
 9495125;      0.0;  93.770; 0.25;"FINE1"
 9500125;      0.0;  93.768; 0.25;"FINE1"
 9505125;      0.0;  93.814; 0.25;"FINE1"
 9510125;      0.0;  93.781; 0.25;"FINE1"
 9515125;      0.0;  93.801; 0.25;"FINE1"
 9520125;      0.0;  93.791; 0.25;"FINE1"
 9525125;      0.0;  93.775; 0.25;"FINE1"
 9530125;      0.0;  93.760; 0.25;"FINE1"
 9535125;      0.0;  93.656; 0.25;"FINE1"
 9540125;      0.0;  93.625; 0.25;"FINE1"
 9545125;      0.0;  93.615; 0.25;"FINE1"
 9550125;      0.0;  93.591; 0.25;"FINE1"
 9555125;      0.0;  93.645; 0.25;"FINE1"
 9560125;      0.0;  93.617; 0.25;"FINE1"
 9565125;      0.0;  93.640; 0.25;"FINE1"
 9570125;      0.0;  93.643; 0.25;"FINE1"
 9575125;      0.0;  93.687; 0.25;"FINE1"
 9580125;      0.0;  93.635; 0.25;"FINE1"
 9585125;      0.0;  93.579; 0.25;"FINE1"
 9590125;      0.0;  93.584; 0.25;"FINE1"
 9595125;      0.0;  93.615; 0.25;"FINE1"
 9600125;      0.0;  93.584; 0.25;"FINE1"
 9605125;      0.0;  93.595; 0.25;"FINE1"
 9610125;      0.0;  93.553; 0.25;"FINE1"
 9615125;      0.0;  93.662; 0.25;"FINE1"
 9620125;      0.0;  93.645; 0.25;"FINE1"
 9625125;      0.0;  93.715; 0.25;"FINE1"
 9630125;      0.0;  93.579; 0.25;"FINE1"
 9635125;      0.0;  93.572; 0.25;"FINE1"
 9640125;      0.0;  93.629; 0.25;"FINE1"
 9645125;      0.0;  93.698; 0.25;"FINE1"
 9650125;      0.0;  93.647; 0.25;"FINE1"
 9655125;      0.0;  93.724; 0.25;"FINE1"
 9660125;      0.0;  93.653; 0.25;"FINE1"
 9665125;      0.0;  93.640; 0.25;"FINE1"
 9670125;      0.0;  93.593; 0.25;"FINE1"
 9675125;      0.0;  93.611; 0.25;"FINE1"
 9680125;      0.0;  93.578; 0.25;"FINE1"
 9685125;      0.0;  93.594; 0.25;"FINE1"
 9690125;      0.0;  93.576; 0.25;"FINE1"
 9695125;      0.0;  93.576; 0.25;"FINE1"
 9700125;      0.0;  93.563; 0.25;"FINE1"
 9705125;      0.0;  93.555; 0.25;"FINE1"
 9710125;      0.0;  93.552; 0.25;"FINE1"
 9715125;      0.0;  93.548; 0.25;"FINE1"
 9720125;      0.0;  93.591; 0.25;"FINE1"
 9725125;      0.0;  93.583; 0.25;"FINE1"
 9730125;      0.0;  93.637; 0.25;"FINE1"
 9735125;      0.0;  93.650; 0.25;"FINE1"
 9740125;      0.0;  93.729; 0.25;"FINE1"
 9745125;      0.0;  93.645; 0.25;"FINE1"
 9750125;      0.0;  93.597; 0.25;"FINE1"
 9755125;      0.0;  93.566; 0.25;"FINE1"
 9760125;      0.0;  93.561; 0.25;"FINE1"
 9765125;      0.0;  93.585; 0.25;"FINE1"
 9770125;      0.0;  93.605; 0.25;"FINE1"
 9775125;      0.0;  93.685; 0.25;"FINE1"
 9780125;      0.0;  93.618; 0.25;"FINE1"
 9785125;      0.0;  93.614; 0.25;"FINE1"
 9790125;      0.0;  93.625; 0.25;"FINE1"
 9795125;      0.0;  93.711; 0.25;"FINE1"
 9800125;      0.0;  93.640; 0.25;"FINE1"
 9805125;      0.0;  93.702; 0.25;"FINE1"
 9810125;      0.0;  93.754; 0.25;"FINE1"
 9815125;      0.0;  93.757; 0.25;"FINE1"
 9820125;      0.0;  93.747; 0.25;"FINE1"
 9825125;      0.0;  93.680; 0.25;"FINE1"
 9830125;      0.0;  93.624; 0.25;"FINE1"
 9835125;      0.0;  93.670; 0.25;"FINE1"
 9840125;      0.0;  93.651; 0.25;"FINE1"
 9845125;      0.0;  93.632; 0.25;"FINE1"
 9850125;      0.0;  93.561; 0.25;"FINE1"
 9855125;      0.0;  93.593; 0.25;"FINE1"
 9860125;      0.0;  93.648; 0.25;"FINE1"
 9865125;      0.0;  93.650; 0.25;"FINE1"
 9870125;      0.0;  93.691; 0.25;"FINE1"
 9875125;      0.0;  93.642; 0.25;"FINE1"
 9880125;      0.0;  93.633; 0.25;"FINE1"
 9885125;      0.0;  93.747; 0.25;"FINE1"
 9890125;      0.0;  93.629; 0.25;"FINE1"
 9895125;      0.0;  93.628; 0.25;"FINE1"
 9900125;      0.0;  93.703; 0.25;"FINE1"
 9905125;      0.0;  93.772; 0.25;"FINE1"
 9910125;      0.0;  93.724; 0.25;"FINE1"
 9915125;      0.0;  93.769; 0.25;"FINE1"
 9920125;      0.0;  93.724; 0.25;"FINE1"
 9925125;      0.0;  93.699; 0.25;"FINE1"
 9930125;      0.0;  93.760; 0.25;"FINE1"
 9935125;      0.0;  93.737; 0.25;"FINE1"
 9940125;      0.0;  93.768; 0.25;"FINE1"
 9945125;      0.0;  93.751; 0.25;"FINE1"
 9950125;      0.0;  93.753; 0.25;"FINE1"
 9955125;      0.0;  93.697; 0.25;"FINE1"
 9960125;      0.0;  93.711; 0.25;"FINE1"
 9965125;      0.0;  93.628; 0.25;"FINE1"
 9970125;      0.0;  93.626; 0.25;"FINE1"
 9975125;      0.0;  93.660; 0.25;"FINE1"
 9980125;      0.0;  93.587; 0.25;"FINE1"
 9985125;      0.0;  93.664; 0.25;"FINE1"
 9990125;      0.0;  93.672; 0.25;"FINE1"
 9995125;      0.0;  93.646; 0.25;"FINE1"
10000125;      0.0;  93.702; 0.25;"FINE1"
10005125;      0.0;  93.675; 0.25;"FINE1"
10010125;      0.0;  93.648; 0.25;"FINE1"
10015125;      0.0;  93.668; 0.25;"FINE1"
10020125;      0.0;  93.718; 0.25;"FINE1"
10025125;      0.0;  93.755; 0.25;"FINE1"
10030125;      0.0;  93.760; 0.25;"FINE1"
10035125;      0.0;  93.665; 0.25;"FINE1"
10040125;      0.0;  93.696; 0.25;"FINE1"
10045125;      0.0;  93.632; 0.25;"FINE1"
10050125;      0.0;  93.677; 0.25;"FINE1"
10055125;      0.0;  93.661; 0.25;"FINE1"
10060125;      0.0;  93.696; 0.25;"FINE1"
10065125;      0.0;  93.637; 0.25;"FINE1"
10070125;      0.0;  93.737; 0.25;"FINE1"
10075125;      0.0;  93.635; 0.25;"FINE1"
10080125;      0.0;  93.605; 0.25;"FINE1"
10085125;      0.0;  93.614; 0.25;"FINE1"
10090125;      0.0;  93.642; 0.25;"FINE1"
10095125;      0.0;  93.749; 0.25;"FINE1"
10100125;      0.0;  93.690; 0.25;"FINE1"
10105125;      0.0;  93.736; 0.25;"FINE1"
10110125;      0.0;  93.756; 0.25;"FINE1"
10115125;      0.0;  93.733; 0.25;"FINE1"
10120125;      0.0;  93.756; 0.25;"FINE1"
10125125;      0.0;  93.695; 0.25;"FINE1"
10130125;      0.0;  93.776; 0.25;"FINE1"
10135125;      0.0;  93.885; 0.25;"FINE1"
10140125;      0.0;  93.864; 0.25;"FINE1"
10145125;      0.0;  93.835; 0.25;"FINE1"
10150125;      0.0;  93.872; 0.25;"FINE1"
10155125;      0.0;  93.752; 0.25;"FINE1"
10160125;      0.0;  94.028; 0.25;"FINE1"
10165125;      0.0;  93.820; 0.25;"FINE1"
10170125;      0.0;  93.860; 0.25;"FINE1"
10175125;      0.0;  93.854; 0.25;"FINE1"
10180125;      0.0;  93.804; 0.25;"FINE1"
10185125;      0.0;  93.858; 0.25;"FINE1"
10190125;      0.0;  93.786; 0.25;"FINE1"
10195125;      0.0;  93.802; 0.25;"FINE1"
10200125;      0.0;  93.815; 0.25;"FINE1"
10205125;      0.0;  93.804; 0.25;"FINE1"
10210125;      0.0;  93.834; 0.25;"FINE1"
10215125;      0.0;  93.881; 0.25;"FINE1"
10220125;      0.0;  93.756; 0.25;"FINE1"
10225125;      0.0;  93.758; 0.25;"FINE1"
10230125;      0.0;  93.768; 0.25;"FINE1"
10235125;      0.0;  93.834; 0.25;"FINE1"
10240125;      0.0;  93.884; 0.25;"FINE1"
10245125;      0.0;  93.824; 0.25;"FINE1"
10250125;      0.0;  93.791; 0.25;"FINE1"
10255125;      0.0;  93.794; 0.25;"FINE1"
10260125;      0.0;  93.787; 0.25;"FINE1"
10265125;      0.0;  93.810; 0.25;"FINE1"
10270125;      0.0;  93.807; 0.25;"FINE1"
10275125;      0.0;  93.833; 0.25;"FINE1"
10280125;      0.0;  93.818; 0.25;"FINE1"
10285125;      0.0;  93.816; 0.25;"FINE1"
10290125;      0.0;  93.794; 0.25;"FINE1"
10295125;      0.0;  93.803; 0.25;"FINE1"
10300125;      0.0;  93.795; 0.25;"FINE1"
10305125;      0.0;  93.799; 0.25;"FINE1"
10310125;      0.0;  93.787; 0.25;"FINE1"
10315125;      0.0;  93.757; 0.25;"FINE1"
10320125;      0.0;  93.791; 0.25;"FINE1"
10325125;      0.0;  93.805; 0.25;"FINE1"
10330125;      0.0;  93.782; 0.25;"FINE1"
10335125;      0.0;  93.788; 0.25;"FINE1"
10340125;      0.0;  93.775; 0.25;"FINE1"
10345125;      0.0;  93.784; 0.25;"FINE1"
10350125;      0.0;  93.827; 0.25;"FINE1"
10355125;      0.0;  93.831; 0.25;"FINE1"
10360125;      0.0;  93.812; 0.25;"FINE1"
10365125;      0.0;  93.873; 0.25;"FINE1"
10370125;      0.0;  93.814; 0.25;"FINE1"
10375125;      0.0;  93.801; 0.25;"FINE1"
10380125;      0.0;  93.789; 0.25;"FINE1"
10385125;      0.0;  93.796; 0.25;"FINE1"
10390125;      0.0;  93.882; 0.25;"FINE1"
10395125;      0.0;  93.807; 0.25;"FINE1"
10400125;      0.0;  93.818; 0.25;"FINE1"
10405125;      0.0;  93.822; 0.25;"FINE1"
10410125;      0.0;  93.826; 0.25;"FINE1"
10415125;      0.0;  93.856; 0.25;"FINE1"
10420125;      0.0;  93.847; 0.25;"FINE1"
10425125;      0.0;  93.892; 0.25;"FINE1"
10430125;      0.0;  93.864; 0.25;"FINE1"
10435125;      0.0;  93.853; 0.25;"FINE1"
10440125;      0.0;  93.850; 0.25;"FINE1"
10445125;      0.0;  93.853; 0.25;"FINE1"
10450125;      0.0;  93.868; 0.25;"FINE1"
10455125;      0.0;  93.777; 0.25;"FINE1"
10460125;      0.0;  93.836; 0.25;"FINE1"
10465125;      0.0;  93.786; 0.25;"FINE1"
10470125;      0.0;  93.817; 0.25;"FINE1"
10475125;      0.0;  93.836; 0.25;"FINE1"
10480125;      0.0;  93.816; 0.25;"FINE1"
10485125;      0.0;  93.814; 0.25;"FINE1"
10490125;      0.0;  93.852; 0.25;"FINE1"
10495125;      0.0;  93.821; 0.25;"FINE1"
10500125;      0.0;  93.806; 0.25;"FINE1"
10505125;      0.0;  93.774; 0.25;"FINE1"
10510125;      0.0;  93.748; 0.25;"FINE1"
10515125;      0.0;  93.790; 0.25;"FINE1"
10520125;      0.0;  93.831; 0.25;"FINE1"
10525125;      0.0;  93.812; 0.25;"FINE1"
10530125;      0.0;  93.774; 0.25;"FINE1"
10535125;      0.0;  93.943; 0.25;"FINE1"
10540125;      0.0;  93.950; 0.25;"FINE1"
10545125;      0.0;  93.920; 0.25;"FINE1"
10550125;      0.0;  93.898; 0.25;"FINE1"
10555125;      0.0;  93.948; 0.25;"FINE1"
10560125;      0.0;  93.839; 0.25;"FINE1"
10565125;      0.0;  93.846; 0.25;"FINE1"
10570125;      0.0;  93.824; 0.25;"FINE1"
10575125;      0.0;  93.757; 0.25;"FINE1"
10580125;      0.0;  93.757; 0.25;"FINE1"
10585125;      0.0;  93.785; 0.25;"FINE1"
10590125;      0.0;  93.767; 0.25;"FINE1"
10595125;      0.0;  93.794; 0.25;"FINE1"
10600125;      0.0;  93.778; 0.25;"FINE1"
10605125;      0.0;  93.884; 0.25;"FINE1"
10610125;      0.0;  93.863; 0.25;"FINE1"
10615125;      0.0;  93.878; 0.25;"FINE1"
10620125;      0.0;  93.880; 0.25;"FINE1"
10625125;      0.0;  93.889; 0.25;"FINE1"
10630125;      0.0;  93.889; 0.25;"FINE1"
10635125;      0.0;  93.802; 0.25;"FINE1"
10640125;      0.0;  93.832; 0.25;"FINE1"
10645125;      0.0;  93.797; 0.25;"FINE1"
10650125;      0.0;  93.779; 0.25;"FINE1"
10655125;      0.0;  93.745; 0.25;"FINE1"
10660125;      0.0;  93.800; 0.25;"FINE1"
10665125;      0.0;  93.824; 0.25;"FINE1"
10670125;      0.0;  93.844; 0.25;"FINE1"
10675125;      0.0;  93.820; 0.25;"FINE1"
10680125;      0.0;  93.780; 0.25;"FINE1"
10685125;      0.0;  93.769; 0.25;"FINE1"
10690125;      0.0;  93.822; 0.25;"FINE1"
10695125;      0.0;  93.821; 0.25;"FINE1"
10700125;      0.0;  93.797; 0.25;"FINE1"
10705125;      0.0;  93.834; 0.25;"FINE1"
10710125;      0.0;  93.821; 0.25;"FINE1"
10715125;      0.0;  93.810; 0.25;"FINE1"
10720125;      0.0;  93.778; 0.25;"FINE1"
10725125;      0.0;  93.763; 0.25;"FINE1"
10730125;      0.0;  93.810; 0.25;"FINE1"
10735125;      0.0;  93.793; 0.25;"FINE1"
10740125;      0.0;  93.819; 0.25;"FINE1"
10745125;      0.0;  93.882; 0.25;"FINE1"
10750125;      0.0;  93.805; 0.25;"FINE1"
10755125;      0.0;  93.808; 0.25;"FINE1"
10760125;      0.0;  93.780; 0.25;"FINE1"
10765125;      0.0;  93.781; 0.25;"FINE1"
10770125;      0.0;  93.826; 0.25;"FINE1"
10775125;      0.0;  93.873; 0.25;"FINE1"
10780125;      0.0;  93.780; 0.25;"FINE1"
10785125;      0.0;  93.827; 0.25;"FINE1"
10790125;      0.0;  93.779; 0.25;"FINE1"